,open,high,low,close,volume
2016-12-19,225.15,225.75,218.5,221.3,28774
2016-12-20,223.05,223.75,215.2,216.95,32071
2016-12-21,219.7,223.0,211.0,213.7,48660
2016-12-22,213.5,216.0,208.15,209.6,43763
2016-12-23,208.0,211.75,203.35,206.85,44228
2016-12-26,202.05,212.8,202.05,210.15,29240
2016-12-27,209.55,215.0,204.35,213.45,47628
2016-12-28,215.0,217.0,210.05,216.35,64348
2016-12-29,216.1,222.8,212.9,221.2,89139
2016-12-30,223.15,224.8,220.0,221.05,18917
2017-01-02,224.5,224.5,218.4,223.55,13720
2017-01-03,221.35,226.05,220.0,222.6,138553
2017-01-04,221.0,224.35,220.1,220.9,29571
2017-01-05,221.0,223.85,219.35,220.3,18844
2017-01-06,222.0,222.7,216.0,217.35,19382
2017-01-09,221.0,222.0,217.05,219.65,42021
2017-01-10,218.7,225.0,217.5,223.4,464718
2017-01-11,224.0,225.8,219.5,220.1,15287
2017-01-12,219.25,221.5,217.25,218.6,14537
2017-01-13,219.95,221.0,216.0,218.15,18741
2017-01-16,218.15,220.0,217.1,218.3,36217
2017-01-17,219.0,221.0,216.1,217.2,23565
2017-01-18,217.4,219.0,216.05,217.05,21472
2017-01-19,217.55,221.65,216.0,218.3,111562
2017-01-20,221.0,221.0,212.6,215.25,45387
2017-01-23,217.15,219.5,214.1,218.0,136803
2017-01-24,217.3,218.45,216.0,217.2,17327
2017-01-25,218.7,219.55,216.1,218.05,127540
2017-01-27,218.95,222.65,218.0,220.0,36429
2017-01-30,221.95,221.95,215.6,216.3,75850
2017-01-31,217.0,217.9,212.0,213.3,32071
2017-02-01,212.9,214.65,211.0,212.95,21998
2017-02-02,212.95,221.4,212.55,217.75,52842
2017-02-03,217.0,235.0,214.55,228.55,214757
2017-02-06,218.0,218.0,203.3,210.1,332084
2017-02-07,210.85,212.0,208.5,209.65,80584
2017-02-08,209.65,211.35,209.0,209.95,31605
2017-02-09,209.1,213.0,209.1,210.2,27053
2017-02-10,211.5,211.5,208.6,210.15,39286
2017-02-13,209.0,212.3,208.5,211.5,44591
2017-02-14,211.0,212.3,210.0,210.6,21526
2017-02-15,210.15,210.95,207.5,210.15,32545
2017-02-16,210.0,210.9,207.7,209.95,29486
2017-02-17,210.5,216.1,209.0,211.0,45218
2017-02-20,214.95,214.95,210.5,213.55,35469
2017-02-21,213.0,214.1,209.65,210.5,51482
2017-02-22,212.8,214.1,208.5,211.7,540013
2017-02-23,210.65,213.8,210.1,212.0,18822
2017-02-27,212.0,213.55,210.0,211.7,14517
2017-02-28,211.2,212.5,209.1,211.75,35658
2017-03-01,212.2,215.9,210.1,214.6,39819
2017-03-02,213.5,215.5,208.0,210.05,44743
2017-03-03,210.45,214.95,209.0,210.6,49235
2017-03-06,211.95,216.0,209.15,210.0,42929
2017-03-07,210.0,214.0,209.05,210.0,860616
2017-03-08,211.55,211.55,209.1,209.95,43588
2017-03-09,210.2,210.9,208.9,209.95,137018
2017-03-10,210.15,210.95,208.6,209.55,387710
2017-03-14,212.25,215.0,209.35,211.85,54416
2017-03-15,211.05,212.35,207.9,208.35,424280
2017-03-16,209.85,210.5,206.1,207.65,55283
2017-03-17,208.25,209.1,205.15,206.0,64138
2017-03-20,208.0,208.0,204.15,205.75,24994
2017-03-21,206.2,207.8,204.1,204.65,20205
2017-03-22,204.0,206.4,202.5,205.5,38238
2017-03-23,205.5,207.3,202.3,205.75,27470
2017-03-24,210.8,210.8,203.4,204.25,112402
2017-03-27,205.5,205.55,202.2,202.9,31870
2017-03-28,204.0,212.0,201.7,202.9,96954
2017-03-29,204.0,205.05,201.9,203.85,41810
2017-03-30,203.6,205.05,202.05,204.3,42352
2017-03-31,203.5,205.0,202.45,203.9,23863
2017-04-03,205.0,208.4,202.5,207.7,106276
2017-04-05,207.1,211.5,205.7,208.05,283325
2017-04-06,206.3,208.05,204.1,205.25,44526
2017-04-07,204.7,208.0,204.0,205.5,61533
2017-04-10,205.75,207.35,200.0,201.0,59479
2017-04-11,201.05,203.8,200.0,202.95,48947
2017-04-12,203.15,204.5,200.0,200.45,30120
2017-04-13,200.6,207.0,200.1,201.7,126974
2017-04-17,202.95,206.8,200.75,204.35,74320
2017-04-18,205.0,207.5,203.05,206.4,170759
2017-04-19,206.5,207.0,204.45,206.15,33611
2017-04-20,206.45,206.5,204.0,205.3,44739
2017-04-21,204.5,207.0,204.4,204.9,27820
2017-04-24,204.95,205.0,201.5,202.25,35050
2017-04-25,202.3,203.15,199.0,199.7,46232
2017-04-26,200.5,200.5,195.5,195.7,41138
2017-04-27,196.1,202.0,196.0,200.65,59846
2017-04-28,200.75,202.35,197.3,199.55,18810
2017-05-02,199.05,200.05,192.9,196.05,41182
2017-05-03,195.15,198.0,194.0,194.9,23795
2017-05-04,193.45,196.35,192.85,193.85,34969
2017-05-05,194.05,194.5,188.7,190.45,43673
2017-05-08,190.2,192.55,189.15,190.6,20819
2017-05-09,190.95,192.7,185.5,186.65,54280
2017-05-10,188.45,189.45,187.35,188.3,21011
2017-05-11,188.3,190.0,186.8,187.35,31018
2017-05-12,187.6,190.95,183.0,183.75,41239
2017-05-15,183.75,184.9,182.0,184.0,41151
2017-05-16,185.35,187.5,183.85,185.0,34904
2017-05-17,185.0,185.8,183.5,184.1,15129
2017-05-18,183.5,185.9,182.1,183.25,22963
2017-05-19,182.9,184.55,178.95,180.05,21537
2017-05-22,181.8,183.0,174.15,178.65,108949
2017-05-23,179.5,179.5,171.9,174.3,41240
2017-05-24,177.8,177.8,171.3,172.2,27374
2017-05-25,172.2,173.95,171.0,171.75,54676
2017-05-26,174.25,180.25,174.0,177.25,68992
2017-05-29,179.8,184.9,178.0,179.0,136381
2017-05-30,179.95,182.0,172.5,179.3,32762
2017-05-31,179.05,186.1,179.05,183.5,52658
2017-06-01,183.95,188.5,183.0,184.8,32977
2017-06-02,185.2,189.4,183.6,189.0,39317
2017-06-05,188.05,190.05,187.4,187.95,25610
2017-06-06,188.05,188.5,182.7,183.75,19799
2017-06-07,184.0,185.85,181.75,184.4,27297
2017-06-08,183.55,187.55,183.5,187.45,16975
2017-06-09,186.9,190.1,185.45,187.55,53040
2017-06-12,187.4,188.0,184.5,187.15,24025
2017-06-13,186.55,188.05,185.0,185.2,14049
2017-06-14,184.4,187.75,183.15,186.65,7024
2017-06-15,186.9,187.35,185.0,185.75,9722
2017-06-16,186.0,186.0,180.0,182.2,17826
2017-06-19,187.0,187.2,182.7,186.6,65385
2017-06-20,186.75,187.05,184.05,184.5,287799
2017-06-21,185.7,187.2,183.85,186.55,23478
2017-06-22,189.3,189.3,182.55,183.1,12223
2017-06-23,184.6,184.75,181.5,183.9,15098
2017-06-27,182.95,186.9,179.35,184.1,29101
2017-06-28,183.6,183.6,180.0,181.25,14464
2017-06-29,181.0,185.95,181.0,182.7,8103
2017-06-30,182.05,184.4,181.5,182.35,16691
2017-07-03,183.4,184.3,181.5,182.8,10973
2017-07-04,186.4,186.4,180.9,182.3,13798
2017-07-05,181.1,185.0,181.1,184.5,17749
2017-07-06,182.05,186.6,182.05,184.85,18340
2017-07-07,184.05,187.45,184.05,186.85,31173
2017-07-10,185.0,194.2,185.0,190.8,9876
2017-07-11,191.5,194.0,185.95,190.7,92173
2017-07-12,191.0,192.05,189.5,189.85,19587
2017-07-13,189.6,190.3,186.45,187.5,23323
2017-07-14,186.4,190.0,184.15,184.85,26681
2017-07-17,184.55,186.75,184.55,185.45,10850
2017-07-18,188.0,188.0,182.8,183.1,15554
2017-07-19,183.65,185.0,182.6,183.7,31140
2017-07-20,183.95,185.05,182.5,183.65,82818
2017-07-21,183.05,184.0,181.6,182.95,30573
2017-07-24,182.95,183.0,181.45,182.8,24871
2017-07-25,182.6,183.0,182.0,182.2,14829
2017-07-26,182.3,182.9,181.05,182.0,19357
2017-07-27,182.05,182.75,181.25,181.85,18982
2017-07-28,181.95,183.0,180.0,182.5,45574
2017-07-31,182.65,183.05,180.7,180.95,22203
2017-08-01,180.9,181.5,179.1,180.0,37411
2017-08-02,183.9,183.9,178.3,179.95,13876
2017-08-03,179.35,181.0,178.3,178.8,7832
2017-08-04,182.8,182.8,174.6,176.2,26362
2017-08-07,174.4,181.0,174.1,179.95,77472
2017-08-08,179.0,179.9,174.0,176.35,35138
2017-08-09,177.0,177.0,173.0,173.9,15042
2017-08-10,178.5,178.5,170.55,171.0,19087
2017-08-11,170.55,175.6,167.25,171.0,27485
2017-08-14,173.35,173.35,169.05,169.55,11852
2017-08-16,173.85,180.0,170.0,173.15,21596
2017-08-17,172.6,174.0,170.2,171.0,13271
2017-08-18,171.25,177.0,169.95,173.15,37498
2017-08-21,172.8,172.95,169.0,169.65,9586
2017-08-22,170.0,173.0,169.95,170.3,16662
2017-08-23,170.65,173.0,168.0,169.6,13917
2017-08-24,169.65,172.0,169.0,170.05,23701
2017-08-28,170.05,170.9,168.45,169.0,19849
2017-08-29,167.75,168.5,164.6,164.95,35947
2017-08-30,166.5,166.5,165.1,165.7,60813
2017-08-31,165.7,166.25,163.25,164.55,96900
2017-09-01,169.0,171.25,164.0,169.3,242611
2017-09-04,172.4,172.4,167.0,168.45,65422
2017-09-05,167.35,182.0,167.0,175.3,276824
2017-09-06,175.3,175.5,167.7,170.4,75625
2017-09-07,171.9,173.7,170.0,172.65,50039
2017-09-08,172.0,174.5,170.5,171.65,49833
2017-09-11,173.0,175.0,170.6,174.7,50352
2017-09-12,175.0,180.0,172.15,174.2,179510
2017-09-13,174.0,176.9,170.05,172.45,60535
2017-09-14,175.35,175.35,173.05,174.05,42531
2017-09-15,170.05,174.7,170.05,171.85,29517
2017-09-18,171.35,178.0,171.35,174.6,125383
2017-09-19,175.0,175.05,171.2,171.85,39801
2017-09-20,173.5,174.2,171.05,173.6,41973
2017-09-21,172.8,184.75,171.25,183.1,686190
2017-09-22,184.05,189.35,182.0,185.9,588212
2017-09-25,186.8,188.55,177.0,182.3,86224
2017-09-26,184.0,185.5,180.15,183.85,58373
2017-09-27,187.5,187.5,183.5,184.95,103088
2017-09-28,185.25,189.95,183.2,185.35,70219
2017-09-29,184.6,189.8,184.0,186.6,62856
2017-10-03,189.0,193.8,186.0,187.55,111766
2017-10-04,188.95,193.7,187.5,191.6,120798
2017-10-05,191.6,193.25,187.6,188.55,42652
2017-10-06,190.0,191.4,187.7,190.0,63673
2017-10-09,188.65,194.35,187.15,190.5,58069
2017-10-10,189.7,191.8,187.9,190.65,43107
2017-10-11,188.05,199.15,184.0,186.0,338745
2017-10-12,189.95,190.5,184.5,185.45,38250
2017-10-13,185.45,187.3,182.45,182.8,35903
2017-10-16,184.95,191.4,181.9,184.15,85889
2017-10-17,183.1,188.1,183.1,186.75,28158
2017-10-18,186.0,186.0,181.8,182.35,39375
2017-10-23,185.95,185.95,181.85,183.9,44063
2017-10-24,183.25,186.6,177.0,178.25,112128
2017-10-25,179.9,181.0,177.15,179.85,29383
2017-10-26,180.05,180.45,178.0,178.45,46414
2017-10-27,178.15,183.8,178.15,182.85,80317
2017-10-30,183.35,187.4,183.0,183.8,41239
2017-10-31,186.5,192.55,183.1,191.05,125652
2017-11-01,192.0,201.7,192.0,200.75,265237
2017-11-02,202.8,209.5,202.0,206.55,237906
2017-11-03,207.1,208.0,200.0,201.1,69568
2017-11-06,202.0,207.9,201.1,201.9,105824
2017-11-07,201.9,203.65,196.2,200.1,100064
2017-11-08,200.1,202.1,196.6,198.35,35668
2017-11-09,199.0,201.3,197.15,198.25,32289
2017-11-10,204.5,204.5,196.0,199.85,59924
2017-11-13,201.95,202.05,192.0,194.8,97754
2017-11-14,196.85,201.8,195.0,197.85,77640
2017-11-15,198.9,207.95,196.6,200.65,165769
2017-11-16,198.2,203.9,198.15,202.9,34624
2017-11-17,203.25,206.5,203.25,205.1,295215
2017-11-20,205.0,213.75,200.7,208.3,74292
2017-11-21,209.9,210.9,207.25,208.75,79342
2017-11-22,208.2,228.7,208.0,215.2,661235
2017-11-23,216.0,217.25,208.6,210.5,49847
2017-11-24,208.5,212.6,205.85,207.75,68735
2017-11-27,204.0,211.35,204.0,209.35,36197
2017-11-28,210.2,214.2,206.25,212.4,40008
2017-11-29,212.4,214.4,209.8,210.3,43130
2017-11-30,212.4,214.0,206.85,213.25,38919
2017-12-01,214.65,215.15,209.5,211.1,32923
2017-12-04,215.15,215.15,210.3,212.4,37826
2017-12-05,214.2,214.2,209.5,211.8,35326
2017-12-06,211.5,214.95,211.0,213.55,41311
2017-12-07,210.25,216.75,210.25,215.15,47676
2017-12-08,215.0,217.7,210.35,215.6,56814
2017-12-11,215.15,215.15,209.6,209.9,123897
2017-12-12,207.9,212.65,207.9,211.35,22413
2017-12-13,209.5,213.85,209.5,211.75,63017
2017-12-14,212.0,213.5,206.1,212.25,95326
2017-12-15,213.35,215.0,207.0,209.8,63175
2017-12-18,208.8,213.0,203.65,212.05,59719
2017-12-19,212.05,214.05,212.0,213.05,52980
2017-12-20,212.3,214.45,212.25,213.45,38553
2017-12-21,214.95,216.0,213.0,215.5,44090
2017-12-22,216.3,236.5,215.05,234.35,688077
2017-12-26,236.0,269.9,230.25,256.0,1601893
2017-12-27,258.35,264.4,251.2,254.0,347748
2017-12-28,255.8,258.25,245.9,250.95,82668
2017-12-29,251.1,257.05,249.0,252.5,70338
2018-01-01,253.0,255.95,244.0,248.5,71671
2018-01-02,248.5,250.9,240.0,243.5,77846
2018-01-03,249.85,249.85,241.2,245.3,53761
2018-01-04,247.0,247.0,241.25,243.9,52930
2018-01-05,244.95,248.5,241.6,243.15,140307
2018-01-08,243.2,247.9,241.1,242.85,53987
2018-01-09,243.5,244.7,240.0,242.4,39465
2018-01-10,243.15,243.15,236.8,237.75,31984
2018-01-11,236.1,243.0,236.1,237.85,47540
2018-01-12,237.4,259.5,237.4,243.0,278958
2018-01-15,243.7,243.7,231.0,238.95,84527
2018-01-16,235.0,242.0,235.0,239.65,53025
2018-01-17,241.0,242.3,234.75,236.3,53015
2018-01-18,237.65,246.0,236.0,238.15,60465
2018-01-19,240.0,244.8,235.0,238.55,38027
2018-01-22,237.45,244.75,235.2,239.5,74348
2018-01-23,240.0,243.75,237.8,239.1,28303
2018-01-24,241.35,241.35,236.25,238.55,53007
2018-01-25,238.55,241.95,236.0,239.7,42495
2018-01-29,244.25,248.0,237.55,242.25,89244
2018-01-30,239.35,241.25,233.55,237.4,29064
2018-01-31,234.3,236.8,227.0,230.7,58126
2018-02-01,230.0,235.7,227.0,232.25,35954
2018-02-02,227.5,232.65,221.0,228.0,48431
2018-02-05,224.0,234.4,218.5,232.65,45124
2018-02-06,218.1,242.5,218.1,241.0,105232
2018-02-07,245.0,257.2,245.0,254.55,145298
2018-02-08,275.15,296.0,263.1,281.4,1528213
2018-02-09,274.0,289.25,269.95,287.0,494018
2018-02-12,291.0,298.0,290.15,293.6,200262
2018-02-14,293.65,296.0,281.5,287.75,178187
2018-02-15,286.5,292.0,284.15,286.95,122683
2018-02-16,291.8,291.8,284.05,285.5,72397
2018-02-19,287.0,291.0,285.0,287.3,153000
2018-02-20,288.35,289.0,285.0,285.95,61772
2018-02-21,288.0,288.0,284.8,285.55,74781
2018-02-22,285.55,290.8,283.1,285.0,134951
2018-02-23,287.5,289.3,285.75,288.55,178433
2018-02-26,286.45,289.4,280.0,286.75,112059
2018-02-27,286.2,289.3,282.0,288.2,96470
2018-02-28,284.05,286.15,282.15,283.5,37013
2018-03-01,285.35,288.9,280.0,288.25,50816
2018-03-05,286.5,289.1,281.55,287.25,80671
2018-03-06,286.05,291.4,285.5,288.9,89432
2018-03-07,288.9,319.8,287.25,304.9,1172669
2018-03-08,307.0,311.9,282.0,285.75,453868
2018-03-09,286.0,293.95,281.0,282.45,108181
2018-03-12,283.35,290.6,272.2,284.8,246881
2018-03-13,282.2,290.0,280.0,281.8,104430
2018-03-14,284.3,285.0,281.0,282.65,43746
2018-03-15,283.0,284.5,273.05,274.25,45908
2018-03-16,276.7,284.8,276.25,281.0,97502
2018-03-19,282.0,293.45,264.5,266.6,91610
2018-03-20,267.95,269.2,264.0,267.75,31244
2018-03-21,269.95,269.95,263.6,266.05,33244
2018-03-22,268.4,268.4,256.8,260.35,79858
2018-03-23,255.0,255.6,244.55,246.0,59697
2018-03-26,246.2,248.9,235.2,244.6,66787
2018-03-27,242.05,250.05,239.4,247.8,95761
2018-03-28,255.0,255.7,240.0,248.95,65416
2018-04-02,250.1,259.85,250.1,257.65,70248
2018-04-03,255.15,259.0,253.05,258.25,34324
2018-04-04,262.0,268.45,251.0,255.65,83138
2018-04-05,260.0,263.2,253.1,257.0,21643
2018-04-06,258.05,258.85,253.0,256.0,32623
2018-04-09,263.5,269.5,250.0,253.15,79326
2018-04-10,255.9,264.0,253.35,259.05,50973
2018-04-11,264.0,264.4,258.35,260.3,38664
2018-04-12,260.3,262.9,254.0,254.9,25640
2018-04-13,254.2,263.7,254.2,260.9,21532
2018-04-16,262.55,262.55,254.9,257.9,25673
2018-04-17,257.45,262.5,254.0,260.15,24513
2018-04-18,260.5,262.45,254.25,255.25,52238
2018-04-19,256.3,257.5,253.2,255.5,33089
2018-04-20,254.0,259.15,254.0,258.4,29015
2018-04-23,257.65,258.85,255.2,256.5,19747
2018-04-24,259.95,259.95,256.5,258.4,17568
2018-04-25,257.0,259.75,254.05,256.1,49866
2018-04-26,259.6,259.6,239.1,243.4,76180
2018-04-27,245.0,249.9,241.0,243.75,56589
2018-04-30,244.3,250.95,241.35,248.0,16095
2018-05-02,248.4,256.15,246.65,254.25,31584
2018-05-03,255.2,257.15,251.35,255.0,16639
2018-05-04,256.35,257.05,252.1,255.05,22833
2018-05-07,263.75,263.75,249.25,250.2,93764
2018-05-08,251.3,252.4,248.0,250.6,27275
2018-05-09,250.0,250.0,245.1,246.0,26654
2018-05-10,246.05,250.55,240.35,240.8,29917
2018-05-11,244.9,244.9,238.35,239.55,39919
2018-05-14,239.9,240.7,234.0,235.2,53601
2018-05-15,235.95,239.9,235.85,238.55,11926
2018-05-16,234.5,243.9,231.45,237.3,24380
2018-05-17,236.75,243.7,234.0,243.1,17759
2018-05-18,242.7,243.7,240.95,243.0,13433
2018-05-21,243.1,245.05,232.3,238.1,21879
2018-05-22,238.6,246.1,236.4,243.95,24603
2018-05-23,248.65,248.65,241.1,245.35,13781
2018-05-24,245.75,247.1,241.25,245.5,16669
2018-05-25,244.85,249.85,243.0,243.7,20940
2018-05-28,243.05,243.3,227.7,242.45,21985
2018-05-29,240.0,244.0,238.5,241.15,13773
2018-05-30,240.2,243.0,238.0,242.0,11924
2018-05-31,238.15,246.7,220.1,237.55,100382
2018-06-01,234.6,239.4,227.3,236.55,49682
2018-06-04,230.65,235.9,230.0,231.85,9754
2018-06-05,231.85,231.85,216.0,221.7,10153
2018-06-06,220.0,224.7,216.35,222.8,28276
2018-06-07,221.95,232.4,221.95,230.4,15616
2018-06-08,229.3,236.05,228.05,235.1,13650
2018-06-11,234.35,240.0,234.2,238.1,20941
2018-06-12,237.7,246.8,237.0,245.1,27192
2018-06-13,245.05,264.7,242.05,250.15,57299
2018-06-14,247.45,254.0,239.0,240.5,27844
2018-06-15,240.5,253.15,240.45,250.45,22478
2018-06-18,252.9,252.9,245.0,250.05,17605
2018-06-19,249.55,249.8,241.55,242.75,10961
2018-06-20,242.75,245.65,235.0,236.4,18840
2018-06-21,237.0,238.3,229.7,230.3,52616
2018-06-22,229.3,246.35,221.75,228.05,94131
2018-06-25,226.0,231.9,223.95,228.2,23146
2018-06-26,223.6,232.65,219.2,220.5,22968
2018-06-27,220.25,222.25,213.2,214.75,26427
2018-06-28,212.65,223.95,210.15,218.7,18226
2018-06-29,218.95,227.0,218.95,225.95,36438
2018-07-02,226.0,228.0,219.0,226.0,48928
2018-07-03,228.25,236.0,222.0,232.9,41956
2018-07-04,235.0,242.0,228.35,238.95,51106
2018-07-05,238.85,242.9,233.0,235.9,30518
2018-07-06,235.55,238.45,229.2,236.5,38095
2018-07-09,232.1,241.45,231.15,238.35,75388
2018-07-10,241.95,241.95,232.0,238.7,41152
2018-07-11,239.9,239.9,234.6,237.25,43632
2018-07-12,237.6,246.0,234.0,236.9,63821
2018-07-13,235.05,243.0,235.05,240.1,52660
2018-07-16,240.05,241.0,227.0,233.3,80167
2018-07-17,230.0,232.65,223.0,226.75,87923
2018-07-18,223.5,229.6,223.5,226.15,29054
2018-07-19,225.05,231.75,225.05,227.15,10014
2018-07-20,227.15,229.7,226.3,227.35,3069
2018-07-23,228.55,236.0,227.45,233.7,7207
2018-07-24,233.7,238.15,228.4,231.95,8556
2018-07-25,228.1,241.65,228.1,238.7,13769
2018-07-26,238.8,240.75,235.6,238.35,7027
2018-07-27,237.0,242.0,236.0,238.15,11077
2018-07-30,236.05,244.75,236.05,238.8,19699
2018-07-31,237.0,242.5,237.0,240.8,11401
2018-08-01,240.1,268.0,235.1,257.85,77532
2018-08-02,265.0,267.0,253.25,259.15,111797
2018-08-03,256.6,263.0,252.35,254.0,38289
2018-08-06,255.0,259.4,247.65,248.9,34267
2018-08-07,249.3,250.15,243.0,243.85,27677
2018-08-08,247.0,255.0,244.95,246.25,57627
2018-08-09,248.8,252.0,244.55,245.5,33518
2018-08-10,247.8,251.6,244.55,245.3,28855
2018-08-13,243.65,250.45,241.35,247.8,9571
2018-08-14,254.0,254.0,246.0,247.95,131840
2018-08-16,250.0,255.5,247.0,250.05,33386
2018-08-17,252.0,254.0,250.4,251.7,11679
2018-08-20,254.95,255.35,250.05,252.55,81298
2018-08-21,238.0,249.85,232.0,240.65,189001
2018-08-23,241.0,248.2,238.0,239.65,51106
2018-08-24,239.7,246.75,239.65,244.0,22708
2018-08-27,247.95,248.0,237.1,239.35,47267
2018-08-28,240.7,247.5,235.0,246.35,130749
2018-08-29,244.5,251.05,244.5,245.6,52604
2018-08-30,244.1,251.0,244.1,247.55,33222
2018-08-31,249.9,250.7,244.0,245.95,56837
2018-09-03,246.0,255.0,244.85,250.05,46727
2018-09-04,252.0,252.05,241.0,243.05,13290
2018-09-05,240.5,254.4,240.5,250.15,39223
2018-09-06,252.5,252.5,242.5,243.45,316870
2018-09-07,245.45,252.45,245.0,247.0,94678
2018-09-10,249.45,269.2,247.3,255.55,285225
2018-09-11,258.0,260.0,244.3,246.6,57904
2018-09-12,248.45,254.0,245.9,251.15,55682
2018-09-14,251.0,258.0,245.0,246.6,59423
2018-09-17,246.6,249.35,240.0,242.0,39431
2018-09-18,242.95,246.0,241.55,242.6,16656
2018-09-19,242.85,249.75,238.25,241.35,29758
2018-09-21,244.45,247.8,234.25,238.35,40964
2018-09-24,236.6,238.85,226.1,227.85,25895
2018-09-25,225.0,228.0,217.25,224.65,29920
2018-09-26,226.85,234.0,225.1,231.9,37993
2018-09-27,231.15,232.15,222.7,223.9,32925
2018-09-28,226.05,228.55,210.0,214.2,52437
2018-10-01,212.4,213.95,198.1,209.7,53463
2018-10-03,208.0,214.0,206.75,211.65,84783
2018-10-04,212.0,212.55,200.0,203.45,31663
2018-10-05,205.45,205.45,188.5,191.9,50808
2018-10-08,191.9,195.0,187.0,189.05,25107
2018-10-09,188.0,190.0,181.1,184.85,71326
2018-10-10,185.55,198.65,185.55,195.8,106464
2018-10-11,190.95,202.65,188.0,199.0,65129
2018-10-12,195.0,210.0,195.0,208.45,38609
2018-10-15,207.0,212.8,206.05,210.2,27990
2018-10-16,212.25,214.0,204.65,208.0,156819
2018-10-17,208.4,211.8,206.55,207.7,18602
2018-10-19,207.05,214.9,205.6,211.6,19318
2018-10-22,218.0,218.0,208.2,208.4,7873
2018-10-23,206.1,208.0,193.6,202.55,29095
2018-10-24,208.85,208.85,197.6,202.85,28584
2018-10-25,201.6,201.8,195.0,195.85,44587
2018-10-26,194.0,199.95,194.0,197.2,21642
2018-10-29,197.2,204.8,195.3,199.5,20643
2018-10-30,202.0,203.4,198.0,201.7,60180
2018-10-31,201.7,216.95,197.95,201.3,165532
2018-11-01,206.0,206.0,199.0,201.15,22979
2018-11-02,204.0,204.0,200.25,202.1,20848
2018-11-05,203.85,203.85,200.0,201.05,16103
2018-11-06,201.05,202.8,198.0,199.4,19562
2018-11-09,200.95,203.5,199.3,201.6,12053
2018-11-12,200.0,204.7,199.6,202.15,7445
2018-11-13,200.3,205.9,198.85,202.7,25474
2018-11-14,202.7,205.35,197.25,198.55,19717
2018-11-15,198.0,198.0,190.05,192.4,35343
2018-11-16,190.65,196.05,188.65,190.2,30560
2018-11-19,192.05,192.5,188.15,191.2,24921
2018-11-20,190.5,190.5,188.35,189.25,18649
2018-11-21,189.4,191.0,184.25,185.4,25922
2018-11-22,185.9,188.4,184.0,185.7,21992
2018-11-26,185.7,200.15,185.0,188.1,1116127
2018-11-27,189.0,193.1,189.0,191.6,44916
2018-11-28,192.25,193.05,190.1,191.75,31095
2018-11-29,193.6,193.6,189.25,191.05,20108
2018-11-30,190.7,191.95,187.1,189.6,22166
2018-12-03,190.55,191.3,188.05,189.8,11631
2018-12-04,189.7,190.2,187.5,188.5,18854
2018-12-05,188.0,188.6,185.2,186.0,13427
2018-12-06,184.0,189.0,183.2,186.85,8019
2018-12-07,186.45,187.5,178.95,180.15,22432
2018-12-10,180.0,180.0,173.0,175.2,11817
2018-12-11,173.0,180.3,171.05,178.9,25725
2018-12-12,178.0,184.5,175.1,178.55,44452
2018-12-13,179.6,183.0,178.65,179.9,10107
2018-12-14,180.05,181.95,178.3,179.7,10132
2018-12-17,180.95,183.5,180.95,182.95,8701
2018-12-18,183.1,184.85,181.5,183.85,8976
2018-12-19,184.85,184.85,179.0,180.5,32579
2018-12-20,180.5,181.7,177.1,179.35,21855
2018-12-21,179.0,180.8,176.05,176.55,17189
2018-12-24,176.45,179.0,174.0,174.65,14037
2018-12-26,174.95,175.95,170.9,172.95,16767
2018-12-27,174.65,175.9,172.05,173.3,10881
2018-12-28,173.0,177.0,172.6,172.95,141514
2018-12-31,174.8,177.1,171.65,172.1,49746
2019-01-01,172.25,177.6,172.25,173.05,72715
2019-01-02,173.05,174.5,171.55,172.8,23362
2019-01-03,173.0,174.0,172.2,172.85,18501
2019-01-04,173.0,174.95,171.0,173.7,51355
2019-01-07,174.65,175.75,172.05,172.55,22725
2019-01-08,173.15,173.95,172.0,173.3,17608
2019-01-09,173.3,174.55,172.05,173.0,19266
2019-01-10,172.4,176.5,172.05,174.1,33265
2019-01-11,174.75,174.8,172.0,172.7,19061
2019-01-14,172.4,172.95,171.0,171.65,24984
2019-01-15,171.75,173.2,171.25,171.85,15620
2019-01-16,172.25,173.9,171.55,171.95,63350
2019-01-17,172.6,172.9,170.4,171.95,30001
2019-01-18,172.3,172.9,171.25,171.75,37579
2019-01-21,171.4,172.95,170.05,170.4,26801
2019-01-22,170.1,172.0,170.0,170.95,13627
2019-01-23,170.9,171.0,161.0,165.85,68275
2019-01-24,164.0,168.8,164.0,164.6,39341
2019-01-25,165.05,165.95,159.5,160.3,28581
2019-01-28,160.55,161.45,153.75,155.4,31172
2019-01-29,155.45,170.0,155.45,166.35,57596
2019-01-30,163.5,169.65,163.5,166.0,40382
2019-01-31,165.65,167.95,163.0,164.7,26252
2019-02-01,164.05,167.0,162.1,166.35,7016
2019-02-04,165.5,173.0,161.05,165.55,24882
2019-02-05,167.0,172.8,165.0,169.05,29922
2019-02-06,170.0,173.85,166.0,168.35,18736
2019-02-07,169.0,171.2,166.55,167.6,16708
2019-02-08,166.85,170.0,165.5,166.9,22819
2019-02-11,167.9,168.9,161.2,162.5,18739
2019-02-12,161.5,164.45,161.05,162.95,122569
2019-02-13,162.5,162.75,160.05,160.85,7813
2019-02-14,160.5,160.5,153.5,155.85,26683
2019-02-15,154.0,155.95,149.2,151.85,32112
2019-02-18,151.85,156.0,149.0,152.2,97117
2019-02-19,152.0,155.65,150.0,150.85,79682
2019-02-20,151.35,153.9,148.4,153.25,27971
2019-02-21,152.5,152.9,148.3,149.75,85184
2019-02-22,150.1,158.0,149.15,156.55,31789
2019-02-25,156.55,160.2,154.0,154.6,39769
2019-02-26,152.4,153.0,149.1,151.8,38794
2019-02-27,152.1,163.8,152.1,160.75,145581
2019-02-28,160.0,170.0,159.05,166.25,38977
2019-03-01,165.0,169.0,163.25,164.9,29197
2019-03-05,165.9,174.45,164.4,173.55,48004
2019-03-06,176.0,176.1,170.05,175.1,27639
2019-03-07,176.85,176.85,173.0,175.4,14003
2019-03-08,175.55,176.75,169.55,174.05,30743
2019-03-11,174.05,178.0,173.55,177.05,15929
2019-03-12,178.5,185.85,178.3,182.15,44556
2019-03-13,183.0,183.0,178.25,179.4,18080
2019-03-14,178.0,182.65,178.0,180.3,20535
2019-03-15,180.15,182.7,177.05,178.05,54369
2019-03-18,175.0,180.3,175.0,178.75,64568
2019-03-19,180.9,181.8,178.3,179.25,34407
2019-03-20,178.6,179.75,177.35,178.2,13236
2019-03-22,178.0,180.7,174.6,175.45,27969
2019-03-25,175.0,178.0,172.1,173.25,15954
2019-03-26,174.7,174.75,167.0,167.65,32292
2019-03-27,168.5,170.7,165.25,167.95,25773
2019-03-28,169.6,174.45,161.6,165.55,198509
2019-03-29,166.95,167.95,164.9,166.15,30637
2019-04-01,167.8,170.0,164.35,165.2,43361
2019-04-02,166.9,170.0,166.0,169.2,26561
2019-04-03,169.0,170.0,168.05,169.35,20517
2019-04-04,168.8,170.0,166.6,167.85,21103
2019-04-05,169.5,170.75,167.55,168.7,37443
2019-04-08,169.5,171.95,167.0,167.95,21565
2019-04-09,167.1,169.5,164.55,166.8,13915
2019-04-10,168.0,169.75,162.4,164.15,40118
2019-04-11,164.15,165.5,163.6,164.7,14226
2019-04-12,166.2,169.0,160.6,166.8,44049
2019-04-15,166.35,168.05,164.05,164.6,12833
2019-04-16,166.0,171.85,164.3,166.15,584050
2019-04-18,167.8,167.8,163.15,164.15,17786
2019-04-22,165.6,171.5,162.05,163.65,120784
2019-04-23,163.65,166.0,161.8,162.35,32489
2019-04-24,164.0,164.95,162.9,164.2,11817
2019-04-25,170.0,171.8,161.0,162.0,234122
2019-04-26,162.0,163.6,158.1,158.95,51466
2019-04-30,160.5,176.0,154.35,172.75,440130
2019-05-02,172.75,176.7,168.55,173.35,843417
2019-05-03,171.55,175.3,171.55,173.35,70585
2019-05-06,172.1,172.7,168.0,168.95,43206
2019-05-07,169.95,170.55,165.05,166.3,34098
2019-05-08,166.0,169.85,163.55,167.5,24569
2019-05-09,167.5,170.5,166.55,168.05,39771
2019-05-10,168.5,169.6,165.05,165.45,18028
2019-05-13,167.0,173.0,164.3,165.05,144652
2019-05-14,169.9,169.9,163.45,165.0,45757
2019-05-15,164.8,167.65,160.8,163.4,95530
2019-05-16,163.3,166.1,163.0,163.75,26542
2019-05-17,163.0,166.0,162.75,164.45,13982
2019-05-20,165.95,173.0,165.95,169.05,38311
2019-05-21,169.3,189.0,169.0,181.1,348171
2019-05-22,186.0,187.9,173.9,184.3,236248
2019-05-23,187.0,190.0,184.5,187.25,136159
2019-05-24,188.2,205.0,187.0,198.95,183227
2019-05-27,218.0,219.0,201.7,203.6,612123
2019-05-28,204.0,204.95,185.6,187.5,541062
2019-05-29,188.0,195.7,186.25,194.15,232606
2019-05-30,195.85,200.55,195.1,196.15,208947
2019-05-31,197.75,200.65,194.15,196.2,146645
2019-06-03,198.0,200.0,195.5,199.3,200892
2019-06-04,203.0,208.9,202.0,203.1,584761
2019-06-06,185.0,188.8,181.65,185.1,238204
2019-06-07,181.25,191.0,178.85,187.75,139089
2019-06-10,184.35,185.85,181.55,182.4,43279
2019-06-11,181.8,183.8,180.8,181.7,18024
2019-06-12,181.6,182.4,177.0,177.9,21115
2019-06-13,177.0,177.0,172.25,174.1,32008
2019-06-14,172.25,174.7,171.15,172.7,41301
2019-06-17,174.95,177.7,171.0,172.05,37062
2019-06-18,171.3,177.15,170.3,175.8,70897
2019-06-19,175.0,177.4,171.55,173.15,27195
2019-06-20,172.3,174.9,170.3,173.85,16206
2019-06-21,173.85,175.8,170.25,175.5,32555
2019-06-24,176.4,179.05,173.7,175.0,36928
2019-06-25,174.25,176.8,173.95,176.55,16451
2019-06-26,175.95,177.8,175.15,176.9,10661
2019-06-27,177.9,179.0,174.25,178.5,22711
2019-06-28,178.15,196.7,177.1,187.3,63862
2019-07-01,186.0,193.0,182.1,186.95,91151
2019-07-02,187.95,190.4,186.95,188.95,37967
2019-07-03,189.0,189.95,186.05,187.15,9260
2019-07-04,186.5,189.9,186.5,186.85,12185
2019-07-05,186.0,189.35,176.0,178.5,27944
2019-07-08,176.0,178.0,172.85,176.95,17308
2019-07-09,176.95,176.95,172.7,173.2,22585
2019-07-10,172.75,173.9,166.45,167.25,20065
2019-07-11,167.0,169.7,167.0,167.2,8054
2019-07-12,168.0,170.65,166.25,167.75,11749
2019-07-15,167.0,170.45,166.0,167.65,6462
2019-07-16,171.0,173.0,169.0,169.95,38558
2019-07-17,170.0,172.8,169.05,169.35,6030
2019-07-18,169.3,169.3,161.8,163.4,40658
2019-07-19,163.0,163.0,155.2,158.8,54882
2019-07-22,155.0,158.8,151.2,157.65,85983
2019-07-23,155.7,163.9,155.7,160.4,66996
2019-07-24,160.5,162.8,159.1,159.45,22234
2019-07-25,159.15,161.45,159.15,160.0,12210
2019-07-26,164.0,164.0,157.45,159.2,22826
2019-07-29,158.8,160.0,157.1,157.95,29706
2019-07-30,157.5,159.1,156.0,156.85,24508
2019-07-31,155.6,168.0,154.1,155.25,228027
2019-08-01,155.25,157.9,154.15,154.9,23223
2019-08-02,154.9,157.65,154.1,155.6,16738
2019-08-05,159.0,164.8,157.15,162.2,152274
2019-08-06,160.05,163.45,159.55,162.9,30941
2019-08-07,162.9,164.7,158.6,160.25,30920
2019-08-08,160.0,162.75,160.0,161.1,7120
2019-08-09,161.2,165.0,161.2,164.45,17676
2019-08-13,166.9,166.9,160.5,161.1,9334
2019-08-14,162.1,164.9,161.55,164.35,23798
2019-08-16,163.05,164.25,158.5,159.35,22832
2019-08-19,159.35,162.0,159.0,161.45,13671
2019-08-20,160.25,160.65,159.0,159.3,7989
2019-08-21,159.3,160.15,158.3,158.65,6159
2019-08-22,157.2,159.7,156.0,156.65,15264
2019-08-23,156.5,159.9,156.25,159.45,22560
2019-08-26,161.1,161.1,157.0,159.75,13078
2019-08-27,159.75,162.0,158.5,161.3,10131
2019-08-28,161.3,162.45,159.95,160.8,6830
2019-08-29,160.0,161.35,159.8,160.5,10997
2019-08-30,160.05,161.8,160.05,161.3,10828
2019-09-03,160.2,162.8,160.2,160.7,13495
2019-09-04,159.2,163.8,159.2,162.9,11126
2019-09-05,160.2,163.4,160.2,162.25,12079
2019-09-06,162.1,164.4,159.1,162.65,17752
2019-09-09,158.65,164.9,158.65,164.1,15292
2019-09-11,160.6,169.3,160.6,167.5,35117
2019-09-12,168.95,168.95,165.75,167.65,11619
2019-09-13,167.25,175.8,163.7,171.95,55935
2019-09-16,173.0,176.8,168.8,175.35,33373
2019-09-17,174.95,175.45,168.8,169.55,24852
2019-09-18,172.05,174.0,169.4,171.8,18996
2019-09-19,171.15,171.95,167.05,169.7,10748
2019-09-20,169.75,175.6,169.75,173.0,26756
2019-09-23,175.7,179.0,170.1,176.75,74012
2019-09-24,179.0,179.8,174.4,175.65,16841
2019-09-25,175.75,177.0,173.5,174.95,6587
2019-09-26,174.05,176.0,171.0,174.85,133686
2019-09-27,175.0,175.65,173.0,174.9,33625
2019-09-30,175.85,176.0,174.0,174.65,22645
2019-10-01,175.65,177.0,168.0,170.0,28540
2019-10-03,172.8,174.3,166.0,168.1,17203
2019-10-04,168.7,171.65,166.05,168.7,8912
2019-10-07,168.7,172.0,165.0,167.55,12628
2019-10-09,168.15,168.95,165.8,167.05,123162
2019-10-10,167.45,169.95,162.0,162.95,13135
2019-10-11,163.65,165.2,162.25,163.15,5626
2019-10-14,162.95,164.2,159.2,160.15,38135
2019-10-15,160.2,162.0,158.15,159.35,66657
2019-10-16,159.0,163.0,158.8,160.35,43630
2019-10-17,160.4,162.2,160.0,161.35,18756
2019-10-18,162.55,163.0,160.05,160.9,77336
2019-10-22,161.95,161.95,160.05,160.95,53614
2019-10-23,161.1,161.1,158.5,159.3,29055
2019-10-24,159.1,162.0,158.55,160.0,114743
2019-10-25,160.3,169.8,160.25,168.3,81470
2019-10-27,169.45,171.15,166.55,170.6,22067
2019-10-29,172.6,181.0,171.0,180.3,114823
2019-10-30,184.35,184.35,177.8,180.8,64209
2019-10-31,180.8,181.5,178.6,180.0,138421
2019-11-01,179.8,180.15,175.0,176.3,15827
2019-11-04,176.6,180.0,176.3,177.95,44915
2019-11-05,178.9,179.05,173.5,174.9,35376
2019-11-06,176.15,185.05,174.15,176.6,44343
2019-11-07,178.4,179.5,176.75,177.65,195588
2019-11-08,180.0,187.0,177.25,177.95,62464
2019-11-11,188.0,193.8,178.25,180.5,346486
2019-11-13,181.95,182.15,175.15,175.75,30124
2019-11-14,177.95,185.0,175.55,182.0,102832
2019-11-15,180.15,185.2,180.15,184.0,252722
2019-11-18,187.0,199.0,184.0,193.9,1142876
2019-11-19,194.4,204.6,192.0,198.5,560923
2019-11-20,198.9,204.0,197.6,200.6,217997
2019-11-21,201.8,202.3,191.1,193.85,129654
2019-11-22,194.95,197.9,188.45,194.9,941735
2019-11-25,196.65,196.7,192.0,194.35,49296
2019-11-26,194.55,195.9,187.0,188.55,43865
2019-11-27,192.05,202.0,181.65,189.65,66989
2019-11-28,189.95,193.9,186.0,190.95,63926
2019-11-29,192.0,194.0,188.15,191.9,111483
2019-12-02,190.05,196.7,188.8,191.9,560023
2019-12-03,192.2,198.0,190.2,195.95,50386
2019-12-04,197.0,202.35,193.75,198.65,74147
2019-12-05,198.65,200.85,194.1,198.05,47556
2019-12-06,200.7,211.4,198.5,206.25,313762
2019-12-09,207.0,211.45,203.7,207.6,84657
2019-12-10,206.35,209.7,201.0,206.95,59370
2019-12-11,206.95,211.0,201.5,202.95,40494
2019-12-12,202.9,206.0,202.25,204.35,48489
2019-12-13,205.15,206.0,200.1,203.05,36698
2019-12-16,202.25,206.0,201.05,202.15,28392
2019-12-17,202.15,203.45,198.0,202.0,47173
2019-12-18,201.55,202.3,199.35,201.4,14509
2019-12-19,201.4,211.0,199.05,202.75,251298
2019-12-20,201.95,205.9,201.1,201.75,24097
2019-12-23,201.0,204.5,200.0,204.15,26051
2019-12-24,203.15,207.1,203.0,205.75,41045
2019-12-26,205.05,211.0,204.2,207.45,71892
2019-12-27,208.3,209.9,206.1,208.75,19456
2019-12-30,208.75,218.0,207.05,216.6,100065
2019-12-31,217.5,219.9,210.0,211.75,71833
2020-01-01,212.0,215.65,211.0,212.75,18936
2020-01-02,212.0,213.95,208.75,210.5,29269
2020-01-03,216.8,222.0,213.25,214.85,173614
2020-01-06,214.85,214.85,207.0,209.05,40623
2020-01-07,206.5,213.9,206.5,211.0,32959
2020-01-08,207.0,210.65,207.0,207.85,22502
2020-01-09,210.7,218.7,210.7,217.3,59470
2020-01-10,219.4,220.9,215.1,218.55,37466
2020-01-13,220.0,235.0,219.05,223.5,284055
2020-01-14,226.85,228.8,223.0,224.7,37454
2020-01-15,225.0,230.0,223.0,229.25,46510
2020-01-16,232.0,234.2,228.35,232.4,51313
2020-01-17,230.0,235.0,228.0,230.95,75565
2020-01-20,232.0,238.9,228.9,230.05,231034
2020-01-21,228.9,230.9,227.0,227.8,24761
2020-01-22,229.0,229.3,222.05,226.0,26061
2020-01-23,226.0,231.25,224.8,227.9,31254
2020-01-24,229.9,241.35,227.1,228.65,354350
2020-01-27,227.7,230.9,223.0,228.7,104557
2020-01-28,230.75,231.0,223.3,227.55,58923
2020-01-29,227.55,230.5,227.0,227.7,40867
2020-01-30,229.95,230.0,225.0,228.4,41137
2020-01-31,225.05,240.0,225.05,234.45,218131
2020-02-01,234.0,236.7,225.0,226.65,68439
2020-02-03,228.0,231.25,218.0,228.25,51330
2020-02-04,230.8,234.6,225.5,227.75,96417
2020-02-05,227.75,232.0,227.05,229.9,56065
2020-02-06,230.5,237.9,229.05,235.8,150784
2020-02-07,236.8,242.8,236.0,239.65,311474
2020-02-10,246.9,261.0,244.3,256.35,1122189
2020-02-11,257.0,259.0,248.0,249.9,112775
2020-02-12,248.65,265.0,247.6,251.4,845786
2020-02-13,251.4,258.25,250.0,250.8,89387
2020-02-14,249.0,252.8,246.55,246.9,66967
2020-02-17,247.0,248.9,242.05,245.95,80467
2020-02-18,244.0,247.0,237.0,238.85,72662
2020-02-19,240.3,248.85,237.1,239.15,306357
2020-02-20,240.75,254.0,240.75,249.8,185547
2020-02-24,245.7,269.0,245.7,256.55,409402
2020-02-25,260.0,270.0,255.2,260.7,298243
2020-02-26,259.0,260.7,245.0,247.55,110208
2020-02-27,248.5,252.0,239.1,240.35,121930
2020-02-28,236.9,238.95,230.0,234.6,113232
2020-03-02,238.0,244.65,222.85,225.6,105623
2020-03-03,232.0,234.95,226.3,229.85,67913
2020-03-04,231.65,243.95,225.0,226.95,1119452
2020-03-05,228.1,246.0,221.9,240.95,2413810
2020-03-06,226.0,243.2,216.45,241.85,1540510
2020-03-09,237.2,240.15,225.5,231.35,310829
2020-03-11,233.5,237.5,224.0,228.05,254524
2020-03-12,221.0,223.5,204.75,214.8,288842
2020-03-13,205.2,234.75,195.4,219.7,666153
2020-03-16,207.0,216.65,206.5,210.1,99320
2020-03-17,212.0,217.95,202.5,205.35,129928
2020-03-18,210.0,212.1,188.75,190.15,1036520
2020-03-19,182.0,202.9,175.0,199.4,204597
2020-03-20,201.0,209.0,193.3,201.55,398023
2020-03-23,191.0,197.2,175.1,185.95,64711
2020-03-24,203.5,203.5,177.0,178.7,56355
2020-03-25,180.95,198.0,180.0,196.05,125535
2020-03-26,203.0,204.6,185.3,189.3,134867
2020-03-27,190.95,198.95,189.0,192.7,81032
2020-03-30,190.0,192.7,184.0,185.7,45371
2020-03-31,189.55,195.95,186.5,194.95,69038
2020-04-01,189.55,195.0,189.55,193.9,52048
2020-04-03,195.0,218.65,194.3,200.25,815360
2020-04-07,210.0,214.0,203.5,207.75,497415
2020-04-08,208.7,215.65,206.0,207.75,307606
2020-04-09,212.0,243.0,212.0,238.85,1208767
2020-04-13,246.7,272.0,232.2,236.25,1038159
2020-04-15,242.9,248.0,233.0,241.05,681312
2020-04-16,242.25,252.9,240.6,243.15,420535
2020-04-17,249.0,250.0,236.75,239.55,180107
2020-04-20,242.9,242.9,233.75,237.3,115069
2020-04-21,237.0,237.0,226.7,229.1,193705
2020-04-22,227.1,250.0,227.0,245.45,687742
2020-04-23,248.8,255.9,246.35,250.2,424655
2020-04-24,251.0,267.0,251.0,260.45,993860
2020-04-27,261.45,266.45,254.3,260.05,452746
2020-04-28,261.9,261.9,247.0,249.2,266910
2020-04-29,250.0,258.0,245.1,250.55,335185
2020-04-30,253.3,254.55,243.6,244.85,165675
2020-05-04,243.5,253.3,237.05,244.95,254484
2020-05-05,247.4,250.0,238.2,239.75,86444
2020-05-06,244.0,247.75,238.25,245.3,93275
2020-05-07,246.5,256.4,243.05,252.4,307415
2020-05-08,255.3,258.0,250.5,252.6,175938
2020-05-11,254.7,257.85,247.0,249.8,140396
2020-05-12,250.4,250.4,239.0,242.55,96286
2020-05-13,245.2,249.25,239.05,241.7,104289
2020-05-14,238.0,247.0,238.0,243.7,126850
2020-05-15,244.0,244.7,238.85,240.5,79209
2020-05-18,241.95,242.55,230.0,231.3,74170
2020-05-19,236.0,238.85,231.05,231.95,75595
2020-05-20,234.0,237.2,230.05,234.55,118035
2020-05-21,237.7,245.7,235.35,241.85,179122
2020-05-22,246.7,246.7,237.15,239.85,115911
2020-05-26,244.0,247.0,240.1,243.1,77159
2020-05-27,245.85,253.0,241.0,245.75,216682
2020-05-28,245.75,256.25,244.1,246.85,225183
2020-05-29,247.1,253.0,245.85,248.25,248174
2020-06-01,250.25,259.0,248.5,255.7,241959
2020-06-02,257.0,259.0,249.0,250.5,135026
2020-06-03,252.9,254.5,248.0,249.0,205147
2020-06-04,248.85,252.1,245.0,246.8,217047
2020-06-05,249.7,270.0,248.35,261.0,1499139
2020-06-08,266.0,268.85,251.7,254.15,318653
2020-06-09,255.65,256.85,248.7,249.8,262589
2020-06-10,252.0,254.85,250.9,253.35,190618
2020-06-11,253.25,254.9,246.35,247.45,181860
2020-06-12,243.0,245.5,241.0,243.25,201620
2020-06-15,244.85,251.2,241.75,247.3,708856
2020-06-16,250.25,253.4,241.15,248.35,451398
2020-06-17,249.5,252.05,245.5,250.85,305547
2020-06-18,259.05,263.8,252.55,255.0,1030772
2020-06-19,255.9,256.9,248.05,249.2,296613
2020-06-22,250.2,281.7,250.2,272.85,2088390
2020-06-23,277.95,296.4,274.0,288.85,1736848
2020-06-24,290.0,290.0,272.8,275.55,670744
2020-06-25,272.0,282.65,270.0,274.5,465701
2020-06-26,277.2,281.5,270.95,273.15,289150
2020-06-29,275.4,278.3,270.5,274.85,585896
2020-06-30,277.4,297.8,276.35,279.6,1661012
2020-07-01,281.0,289.2,274.3,275.15,615759
2020-07-02,276.25,282.1,266.3,269.8,525654
2020-07-03,270.9,272.0,262.55,266.1,439597
2020-07-06,269.0,272.0,263.0,263.65,543968
2020-07-07,265.0,265.75,254.0,254.8,625640
2020-07-08,256.0,256.0,247.0,248.0,853381
2020-07-09,250.9,252.95,242.6,244.8,647306
2020-07-10,245.5,246.5,236.6,239.2,594317
2020-07-13,240.0,244.0,238.0,239.95,396811
2020-07-14,240.0,265.4,240.0,259.45,2561061
2020-07-15,265.8,269.5,255.1,258.0,1049553
2020-07-16,258.7,265.4,251.05,261.4,555834
2020-07-17,262.55,273.9,262.55,269.35,1049337
2020-07-20,271.2,279.85,270.0,277.15,1039521
2020-07-21,279.0,279.65,270.3,271.95,396545
2020-07-22,273.9,273.9,262.0,263.05,292587
2020-07-23,263.25,278.0,261.35,276.0,1389556
2020-07-24,275.7,276.9,265.7,272.25,1180309
2020-07-27,272.25,273.6,260.0,261.35,347177
2020-07-28,263.3,273.1,262.75,268.35,262855
2020-07-29,273.05,287.2,270.95,281.05,1593234
2020-07-30,282.0,297.65,278.15,287.25,2741884
2020-07-31,286.15,302.0,282.65,299.15,2024263
2020-08-03,301.0,325.0,300.5,319.4,3716257
2020-08-04,325.0,329.8,313.1,321.7,1328520
2020-08-05,330.0,345.5,325.0,341.45,2681828
2020-08-06,345.0,347.2,332.85,335.95,881115
2020-08-07,338.25,344.0,333.0,336.25,728395
2020-08-10,350.0,354.0,342.2,345.35,1584818
2020-08-11,347.95,347.95,330.15,332.3,578823
2020-08-12,330.0,331.0,318.6,320.4,401117
2020-08-13,322.0,330.0,322.0,327.65,417777
2020-08-14,328.7,337.0,317.55,323.7,785870
2020-08-17,323.7,329.9,321.0,328.05,279562
2020-08-18,329.0,331.95,328.05,329.55,259310
2020-08-19,330.0,341.0,326.45,338.6,621237
2020-08-20,328.0,334.0,324.6,328.5,324414
2020-08-21,329.0,331.55,325.0,327.25,223393
2020-08-24,328.0,329.95,319.0,321.0,220775
2020-08-25,321.5,327.3,314.65,317.35,356766
2020-08-26,328.5,337.8,325.0,328.0,933961
2020-08-27,330.75,340.0,328.0,335.15,752049
2020-08-28,339.65,340.0,324.5,329.05,259833
2020-08-31,329.7,332.3,305.25,311.15,270871
2020-09-01,307.1,308.95,292.8,302.4,329680
2020-09-02,303.85,324.5,303.15,320.55,561634
2020-09-03,325.0,330.0,322.1,325.95,226241
2020-09-04,319.0,324.5,314.15,318.55,142156
2020-09-07,314.85,323.8,314.85,320.35,128598
2020-09-08,322.0,339.9,322.0,331.55,1188279
2020-09-09,334.8,339.9,318.0,334.1,692307
2020-09-10,335.8,338.95,323.0,327.2,265463
2020-09-11,326.5,331.0,324.0,326.75,154327
2020-09-14,327.7,347.0,327.7,345.1,819444
2020-09-15,344.1,363.85,342.0,348.7,1021072
2020-09-16,349.15,355.0,347.05,352.85,226792
2020-09-17,351.9,360.5,351.0,354.7,266160
2020-09-18,358.55,367.35,351.5,357.9,653221
2020-09-21,359.8,364.5,322.05,330.8,423151
2020-09-22,335.0,344.0,310.0,338.8,759322
2020-09-23,345.0,348.95,331.1,342.6,333896
2020-09-24,338.05,338.95,324.1,326.3,321978
2020-09-25,329.0,337.3,327.25,334.7,175888
2020-09-28,337.0,375.0,336.6,365.35,693205
2020-09-29,378.95,379.0,360.5,365.45,613353
2020-09-30,363.0,368.0,355.0,356.15,256767
2020-10-01,359.0,363.9,347.3,348.95,219880
2020-10-05,348.1,352.2,340.5,346.65,163639
2020-10-06,350.1,357.5,345.85,356.05,269970
2020-10-07,356.0,373.0,350.55,367.4,549537
2020-10-08,367.0,369.55,349.0,353.55,314154
2020-10-09,350.35,358.8,348.9,350.75,196175
2020-10-12,352.0,352.35,338.0,345.4,180217
2020-10-13,345.4,353.8,337.0,343.2,182679
2020-10-14,343.2,350.0,343.2,347.7,147535
2020-10-15,345.15,361.35,339.9,341.75,538660
2020-10-16,343.0,349.45,338.1,348.2,158180
2020-10-19,348.9,355.65,340.0,350.6,166729
2020-10-20,350.0,356.95,349.5,351.65,101687
2020-10-21,354.7,354.7,343.3,347.1,103893
2020-10-22,347.15,352.95,346.05,351.55,126929
2020-10-23,353.0,354.0,345.35,346.9,54587
2020-10-26,347.55,355.0,342.5,344.95,65728
2020-10-27,343.2,353.9,340.05,349.85,157344
2020-10-28,352.3,352.9,342.65,344.15,76678
2020-10-29,340.0,345.65,340.0,341.05,80833
2020-10-30,348.7,350.2,338.1,345.05,142910
2020-11-02,348.5,348.6,338.0,339.05,87923
2020-11-03,339.05,343.0,327.1,330.95,101279
2020-11-04,330.95,339.45,317.9,323.8,207096
2020-11-05,325.5,328.9,323.05,325.0,150490
2020-11-06,326.75,335.0,326.2,332.4,190130
2020-11-09,340.0,340.45,332.5,335.15,219080
2020-11-10,335.0,335.0,320.25,321.9,175763
2020-11-11,323.8,330.0,319.75,325.95,182738
2020-11-12,326.0,338.0,325.0,335.45,347197
2020-11-13,332.0,337.55,326.45,334.05,184383
2020-11-14,338.0,338.25,333.8,335.3,29187
2020-11-17,336.05,336.95,322.0,324.8,201892
2020-11-18,327.7,331.8,323.7,331.05,119603
2020-11-19,330.3,331.9,320.15,321.45,158174
2020-11-20,325.75,327.95,322.0,323.85,102143
2020-11-23,325.25,333.9,324.35,329.05,257500
2020-11-24,331.25,331.25,325.0,327.7,202181
2020-11-25,329.65,329.8,324.1,326.3,75794
2020-11-26,327.75,331.25,324.3,327.3,91170
2020-11-27,326.55,346.65,325.55,343.45,564317
2020-12-01,345.75,352.8,342.4,344.0,227932
2020-12-02,344.0,353.7,341.4,345.3,401902
2020-12-03,345.0,349.35,343.0,344.45,126285
2020-12-04,345.2,349.9,340.8,344.95,89851
2020-12-07,345.9,368.2,343.0,365.35,1145070
2020-12-08,367.0,369.7,355.0,356.45,315077
2020-12-09,357.9,364.95,356.4,357.8,140215
2020-12-10,356.25,356.4,346.0,347.4,170218
2020-12-11,349.15,354.6,345.0,346.35,124448
2020-12-14,348.8,353.0,346.25,347.35,77638
2020-12-15,347.0,349.0,342.0,345.55,81703
2020-12-16,347.25,349.3,343.45,343.85,86871
2020-12-17,345.6,356.55,343.05,348.85,240637
2020-12-18,349.95,349.95,340.05,345.4,114400
2020-12-21,345.0,346.55,326.5,329.2,199140
2020-12-22,330.85,334.0,319.0,322.3,277953
2020-12-23,326.0,330.15,323.5,328.05,184189
2020-12-24,331.25,333.5,328.1,331.0,139273
2020-12-28,332.6,338.0,330.25,331.1,90945
2020-12-29,335.4,335.4,324.0,325.5,153397
2020-12-30,327.95,327.95,323.0,325.65,124130
2020-12-31,333.8,335.0,329.5,332.1,261212
2021-01-01,332.1,334.4,330.0,332.75,113277
2021-01-04,334.45,336.0,329.55,334.6,223082
2021-01-05,334.0,334.45,330.25,333.7,86943
2021-01-06,332.6,335.4,329.0,330.15,93738
2021-01-07,334.45,334.45,328.2,329.75,79012
2021-01-08,330.05,332.8,328.0,328.9,116725
2021-01-11,329.4,332.1,327.4,329.45,107924
2021-01-12,330.0,331.5,326.85,327.4,115073
2021-01-13,328.0,329.5,324.0,324.6,83766
2021-01-14,325.0,334.0,322.4,328.95,320722
2021-01-15,329.8,334.2,323.2,324.8,150568
2021-01-18,325.4,326.45,320.0,321.65,100854
2021-01-19,321.1,325.8,321.0,322.2,50784
2021-01-20,324.9,327.85,321.45,323.0,151549
2021-01-21,324.65,326.15,307.0,311.75,239864
2021-01-22,312.0,313.55,300.3,301.7,277040
2021-01-25,300.05,309.0,288.4,300.45,273641
2021-01-27,308.9,308.9,299.0,300.4,132071
2021-01-28,300.4,300.4,290.0,291.75,148044
2021-01-29,297.0,297.0,284.85,291.35,119998
2021-02-01,291.35,296.0,289.5,293.8,131756
2021-02-02,290.0,297.45,284.1,288.1,267108
2021-02-03,290.1,297.0,290.0,294.35,219183
2021-02-04,297.0,309.0,296.5,305.15,339278
2021-02-05,295.0,298.6,286.0,287.85,429194
2021-02-08,294.2,294.4,277.4,279.6,308042
2021-02-09,279.6,282.05,275.0,275.5,224302
2021-02-10,278.9,284.0,272.85,277.65,252740
2021-02-11,276.0,287.5,275.85,285.4,232776
2021-02-12,288.3,294.5,285.05,289.75,201939
2021-02-15,291.0,305.0,288.3,302.75,419126
2021-02-16,305.7,306.8,296.1,296.9,344724
2021-02-17,295.8,296.15,289.5,291.95,226525
2021-02-18,291.7,300.7,291.7,294.1,354656
2021-02-19,292.9,300.0,290.15,295.4,210173
2021-02-22,296.6,297.1,285.65,286.95,129168
2021-02-23,288.3,291.75,279.45,284.15,162771
2021-02-24,285.0,301.35,275.05,282.25,153351
2021-02-25,284.25,286.2,280.0,281.1,150463
2021-02-26,281.45,283.85,276.1,277.65,141786
2021-03-01,283.0,283.0,275.8,279.3,161443
2021-03-02,281.0,286.35,279.1,282.05,200786
2021-03-03,283.5,284.45,278.6,280.75,303068
2021-03-04,279.0,292.0,279.0,288.0,343385
2021-03-05,288.0,289.9,282.5,283.3,128098
2021-03-08,284.0,303.0,282.6,291.7,861119
2021-03-09,292.9,299.0,288.55,291.3,200130
2021-03-10,290.6,293.9,289.05,290.15,78137
2021-03-12,291.15,296.0,290.1,293.75,145093
2021-03-15,294.3,298.35,287.25,288.4,169706
2021-03-16,289.05,292.05,282.0,284.85,122454
2021-03-17,283.0,289.1,277.6,278.85,115278
2021-03-18,284.0,290.0,275.1,277.35,153288
2021-03-19,277.95,278.0,255.2,272.25,134839
2021-03-22,277.85,278.95,272.35,275.15,92629
2021-03-23,272.25,278.2,272.25,273.65,108060
2021-03-24,274.9,289.0,273.0,282.3,265331
2021-03-25,282.0,282.0,269.5,272.4,211025
2021-03-26,275.15,277.1,273.2,275.2,154620
2021-03-30,276.0,283.25,276.0,281.0,129065
2021-03-31,281.0,287.5,276.1,285.9,164323
2021-04-01,286.1,291.95,286.1,287.8,177323
2021-04-05,283.85,289.6,282.5,284.4,178910
2021-04-06,285.9,291.95,282.9,285.05,187642
2021-04-07,286.0,289.8,283.05,287.7,71385
2021-04-08,286.15,294.4,285.5,289.8,159152
2021-04-09,294.45,318.0,293.0,310.8,2249082
2021-04-12,308.0,320.0,296.0,302.55,1408224
2021-04-13,306.0,315.0,304.7,312.65,646499
2021-04-15,316.0,318.8,310.0,311.55,428470
2021-04-16,318.0,318.85,311.5,312.7,377040
2021-04-19,314.0,328.75,313.0,317.05,1492466
2021-04-20,320.9,326.85,313.25,316.8,594280
2021-04-22,318.4,323.7,312.0,314.3,481014
2021-04-23,316.35,317.45,303.0,306.1,371865
2021-04-26,309.0,314.55,302.0,307.15,233525
2021-04-27,307.15,310.7,306.3,306.9,193451
2021-04-28,307.9,312.0,307.5,308.6,125067
2021-04-29,311.0,311.4,305.0,305.55,285571
2021-04-30,304.8,311.7,303.05,304.1,167900
2021-05-03,304.0,310.9,303.8,309.9,183731
2021-05-04,310.95,315.6,310.95,314.35,356413
2021-05-05,316.9,323.55,313.1,319.15,470800
2021-05-06,322.15,337.0,319.85,328.3,1910269
2021-05-07,330.0,335.9,326.1,330.5,568267
2021-05-10,332.0,339.95,330.5,333.1,587387
2021-05-11,330.1,338.75,330.1,335.05,378525
2021-05-12,330.3,343.5,330.3,339.0,536208
2021-05-14,344.0,344.0,332.55,334.6,377637
2021-05-17,333.1,338.6,331.2,333.3,198724
2021-05-18,333.5,343.9,333.1,337.4,243419
2021-05-19,335.0,342.4,335.0,338.2,145586
2021-05-20,338.25,344.5,338.05,338.8,204162
2021-05-21,342.9,357.0,342.0,354.4,671228
2021-05-24,356.0,368.0,356.0,365.1,480238
2021-05-25,369.4,369.4,343.0,346.85,609186
2021-05-26,349.9,353.5,335.0,347.55,591466
2021-05-27,328.0,336.8,323.05,329.15,1792455
2021-05-28,332.0,340.0,330.4,335.6,618238
2021-05-31,335.95,345.0,331.2,341.2,306104
2021-06-01,340.0,345.0,333.3,335.35,164534
2021-06-02,337.0,341.0,332.7,339.95,146705
2021-06-03,339.95,341.95,336.0,336.95,358646
2021-06-04,339.45,339.45,335.65,336.9,202412
2021-06-07,336.9,341.75,332.25,333.55,161355
2021-06-08,336.4,343.8,335.0,340.05,518711
2021-06-09,342.0,344.5,336.15,337.0,346500
2021-06-10,339.45,340.95,336.15,338.15,138041
2021-06-11,339.3,339.85,335.35,337.5,207770
2021-06-14,338.0,394.9,337.5,381.3,8380748
2021-06-15,381.3,404.9,375.0,382.35,4514095
2021-06-16,383.0,383.0,354.0,359.85,1328824
2021-06-17,357.15,360.0,349.5,353.4,635402
2021-06-18,358.5,358.5,340.25,345.45,562308
2021-06-21,342.0,366.0,333.3,362.3,1187602
2021-06-22,366.0,370.0,358.0,359.55,437185
2021-06-23,361.5,364.5,354.0,355.5,239760
2021-06-24,357.8,359.05,346.9,349.6,192806
2021-06-25,352.0,357.8,348.05,351.55,180363
2021-06-28,358.0,362.05,353.8,357.7,240802
2021-06-29,358.8,359.7,352.5,354.35,132620
2021-06-30,355.45,356.95,352.0,353.95,98286
2021-07-01,354.8,364.0,348.0,359.0,193969
2021-07-02,359.7,369.0,356.1,359.55,384963
2021-07-05,362.7,366.0,359.15,361.15,169658
2021-07-06,362.2,367.85,352.5,360.3,290837
2021-07-07,360.5,363.7,352.95,356.95,129900
2021-07-08,368.7,379.85,364.0,371.15,1423421
2021-07-09,371.15,372.9,365.0,367.2,209194
2021-07-12,366.5,380.0,360.6,374.95,612792
2021-07-13,386.45,388.7,376.05,381.15,1113882
2021-07-14,381.15,381.15,372.0,373.85,134404
2021-07-15,375.0,384.0,366.75,377.85,326131
2021-07-16,380.0,388.6,375.55,378.9,530489
2021-07-19,378.7,378.7,371.85,374.3,167699
2021-07-20,371.2,377.4,364.15,375.2,290312
2021-07-22,375.2,388.0,373.0,381.65,547265
2021-07-23,383.35,388.7,378.0,379.35,232566
2021-07-26,381.5,384.7,375.3,376.1,128006
2021-07-27,378.5,381.95,366.75,368.6,162171
2021-07-28,371.0,373.3,363.0,367.15,106513
2021-07-29,369.7,372.0,358.5,360.7,171858
2021-07-30,360.9,378.5,360.9,372.2,319773
2021-08-02,373.0,378.8,370.55,371.75,180608
2021-08-03,373.8,375.0,367.55,371.2,126383
2021-08-04,371.2,376.4,364.6,366.45,178974
2021-08-05,367.0,368.7,355.45,357.8,266395
2021-08-06,360.45,368.0,357.8,359.9,145702
2021-08-09,359.9,361.7,354.6,358.25,224956
2021-08-10,358.55,359.3,348.0,351.05,148586
2021-08-11,351.05,352.7,333.8,348.45,196828
2021-08-12,351.0,368.0,350.0,365.35,269698
2021-08-13,373.0,373.0,358.0,360.2,387012
2021-08-16,361.7,361.7,349.8,354.75,146879
2021-08-17,352.0,356.2,341.0,342.15,239739
2021-08-18,342.0,349.75,341.0,343.95,144154
2021-08-20,343.0,350.0,335.0,336.4,150229
2021-08-23,340.0,341.45,326.05,334.95,153603
2021-08-24,337.9,342.8,329.55,332.7,190960
2021-08-25,338.8,343.0,333.1,335.15,85622
2021-08-26,335.95,339.0,329.55,336.25,86201
2021-08-27,335.9,348.0,335.9,338.65,430051
2021-08-30,340.85,350.5,340.85,347.65,154039
2021-08-31,349.9,349.9,342.0,345.65,76447
2021-09-01,345.75,349.2,340.0,341.5,89732
2021-09-02,342.8,344.55,341.0,342.45,131394
2021-09-03,342.45,343.5,338.65,340.45,75235
2021-09-06,340.0,344.9,339.95,342.9,65963
2021-09-07,344.5,360.0,340.25,347.55,349280
2021-09-08,349.0,356.75,348.0,349.15,167938
2021-09-09,350.45,353.0,344.1,345.7,92141
2021-09-13,352.0,372.0,348.65,369.2,1278955
2021-09-14,370.0,371.9,361.5,363.6,249637
2021-09-15,368.0,371.75,362.4,367.0,218681
2021-09-16,367.8,367.8,360.7,365.45,128223
2021-09-17,368.4,369.95,356.55,361.5,223662
2021-09-20,357.9,362.0,350.9,352.35,99284
2021-09-21,353.9,356.75,345.3,352.3,91840
2021-09-22,354.1,358.0,345.5,353.5,151470
2021-09-23,355.0,359.95,348.5,353.0,150106
2021-09-24,353.1,357.6,348.25,353.85,133856
2021-09-27,355.75,356.0,349.2,350.45,72637
2021-09-28,350.5,352.85,345.25,348.0,74805
2021-09-29,348.0,357.1,345.3,351.35,95369
2021-09-30,352.65,353.0,347.95,349.4,54482
2021-10-01,345.0,350.9,343.05,346.2,73992
2021-10-04,347.8,355.35,346.05,347.95,109433
2021-10-05,354.5,366.0,350.0,357.75,526049
2021-10-06,359.7,361.6,354.6,355.6,99055
2021-10-07,357.4,358.45,354.1,355.45,78881
2021-10-08,357.25,357.75,353.0,353.9,60203
2021-10-11,353.9,355.05,335.55,350.5,216846
2021-10-12,352.3,354.45,344.8,346.15,134378
2021-10-13,349.0,369.0,347.1,357.35,520733
2021-10-14,360.7,364.9,352.0,354.1,388570
2021-10-18,358.9,361.0,353.05,353.85,122654
2021-10-19,355.7,358.65,339.0,340.9,237373
2021-10-20,340.9,342.45,330.0,334.1,470114
2021-10-21,335.0,337.5,321.35,325.95,713967
2021-10-22,327.7,335.9,321.15,332.55,250031
2021-10-25,339.0,339.0,320.3,326.5,156361
2021-10-26,326.1,329.75,323.85,326.7,98368
2021-10-27,325.0,328.0,322.4,324.65,115148
2021-10-28,324.0,325.0,315.5,318.45,88970
2021-10-29,317.0,321.85,311.85,319.0,91233
2021-11-01,318.2,325.45,318.2,324.25,64485
2021-11-02,325.0,325.9,320.0,324.6,64924
2021-11-03,324.5,330.0,318.9,322.85,175585
2021-11-04,325.9,329.0,322.85,326.3,21478
2021-11-08,328.3,328.7,322.15,324.35,79476
2021-11-09,328.0,345.0,325.0,326.35,175755
2021-11-10,326.2,326.35,322.5,323.65,86442
2021-11-11,323.7,324.75,316.25,317.25,112163
2021-11-12,315.0,316.8,304.8,306.25,505485
2021-11-15,313.0,313.0,300.0,301.75,303094
2021-11-16,302.0,303.9,294.3,296.6,267117
2021-11-17,296.5,301.05,294.0,294.55,140371
2021-11-18,295.7,296.0,275.5,281.9,573325
2021-11-22,286.1,287.0,272.7,276.15,279618
2021-11-23,275.0,288.75,271.8,286.95,208925
2021-11-24,289.9,292.35,283.05,287.3,329094
2021-11-25,287.3,291.8,284.15,290.1,423202
2021-11-26,288.95,293.0,286.05,290.15,242237
2021-11-29,290.1,291.1,278.1,279.95,158806
2021-11-30,279.95,290.75,278.55,285.1,173623
2021-12-01,287.0,289.9,283.15,285.0,131616
2021-12-02,283.35,289.95,283.35,287.65,113116
2021-12-03,287.4,289.7,282.55,284.5,97533
2021-12-06,284.9,287.0,278.0,279.8,213318
2021-12-07,280.0,285.1,276.6,283.0,115551
2021-12-08,286.3,288.15,282.0,284.5,292758
2021-12-09,285.9,297.0,284.0,294.85,284912
2021-12-10,296.0,300.45,293.0,295.15,178605
2021-12-13,297.5,299.65,292.5,294.0,128313
2021-12-14,293.0,298.0,289.6,294.9,145861
2021-12-15,295.9,296.0,288.9,291.8,101755
2021-12-16,291.95,293.55,288.15,290.35,98064
2021-12-17,285.5,290.0,282.35,283.75,124435
2021-12-20,283.75,283.8,272.75,275.9,127542
2021-12-21,277.8,283.7,275.9,278.1,110232
2021-12-22,278.0,287.0,277.75,285.7,112420
2021-12-23,286.0,298.5,286.0,288.35,348350
2021-12-24,288.0,291.9,284.45,290.45,157366
2021-12-27,293.65,293.65,286.4,290.2,95854
2021-12-28,290.9,293.5,289.3,292.3,113627
2021-12-29,292.0,302.3,291.8,298.05,300097
2021-12-30,293.05,310.2,293.05,305.2,512004
2021-12-31,307.0,313.5,303.4,304.2,362443
2022-01-03,306.0,306.65,302.0,303.3,139963
2022-01-04,304.85,306.95,300.85,302.65,99657
2022-01-05,304.2,304.2,298.65,300.85,94797
2022-01-06,301.9,306.8,295.4,305.1,109151
2022-01-07,303.5,306.0,301.65,304.5,134882
2022-01-10,304.5,305.9,299.15,301.6,144964
2022-01-11,301.6,301.9,297.1,297.75,80376
2022-01-12,300.0,304.0,297.8,299.15,91180
2022-01-13,300.65,322.9,299.8,314.15,956422
2022-01-14,313.65,316.25,306.05,308.15,174533
2022-01-17,308.0,309.75,299.1,301.8,242185
2022-01-18,303.8,311.5,295.35,298.95,198365
2022-01-19,299.6,299.6,290.05,291.4,330472
2022-01-20,291.1,295.45,286.0,287.15,803823
2022-01-21,285.05,292.35,283.0,284.9,181961
2022-01-24,285.0,287.95,279.75,283.65,272811
2022-01-25,281.5,286.7,277.0,284.1,164334
2022-01-27,283.0,290.0,280.1,286.15,71357
2022-01-28,287.6,291.95,284.0,284.9,122064
2022-01-31,287.15,293.9,285.1,291.3,77404
2022-02-01,292.2,294.6,291.0,292.4,58975
2022-02-02,293.9,296.35,288.7,292.8,184570
2022-02-03,293.7,295.35,291.15,292.95,53797
2022-02-04,291.95,295.9,289.9,294.25,47659
2022-02-07,318.0,319.0,303.6,306.0,957618
2022-02-08,306.0,314.4,304.4,311.9,215769
2022-02-09,314.0,318.0,311.0,313.35,199447
2022-02-10,303.8,310.55,298.2,300.15,900474
2022-02-11,302.0,308.8,301.05,304.7,593915
2022-02-14,305.0,311.5,299.7,304.0,727383
2022-02-15,308.0,309.9,299.85,303.65,545901
2022-02-16,307.95,314.8,305.05,313.65,875971
2022-02-17,299.9,303.5,296.95,301.15,514664
2022-02-18,300.0,300.0,294.35,295.5,106899
2022-02-21,294.0,294.0,282.1,284.7,134496
2022-02-22,277.2,283.35,275.4,280.05,139836
2022-02-23,281.5,284.95,274.5,275.1,156773
2022-02-24,264.0,269.45,255.05,265.1,320123
2022-02-25,275.0,276.85,268.45,271.9,163412
2022-02-28,271.0,281.75,268.1,270.05,154445
2022-03-02,270.0,274.0,265.0,266.55,102798
2022-03-03,267.9,278.7,267.9,275.2,117747
2022-03-04,273.25,274.75,268.35,270.35,100901
2022-03-07,266.0,267.4,257.5,258.4,233169
2022-03-08,258.4,263.55,254.95,257.15,91681
2022-03-09,257.15,265.0,257.15,264.1,120375
2022-03-10,266.85,273.6,266.85,269.65,109541
2022-03-11,269.0,278.95,266.25,271.6,128204
2022-03-14,271.6,272.95,267.1,270.05,68101
2022-03-15,268.65,271.7,260.0,262.9,158457
2022-03-16,268.0,268.0,259.45,260.75,145253
2022-03-17,263.4,264.95,259.85,262.05,140176
2022-03-21,265.0,269.0,262.05,263.7,184280
2022-03-22,265.5,265.5,261.05,262.55,87433
2022-03-23,263.55,267.55,260.05,260.75,165562
2022-03-24,262.75,262.75,259.0,259.65,180395
2022-03-25,260.0,261.5,256.0,256.9,146130
2022-03-28,256.0,259.85,248.2,251.15,261698
2022-03-29,255.9,264.6,251.95,262.3,319365
2022-03-30,263.9,264.95,257.0,257.7,286099
2022-03-31,257.1,259.55,256.05,257.1,137502
2022-04-01,258.0,269.95,256.4,268.85,212533
2022-04-04,271.7,271.7,264.3,266.05,235706
2022-04-05,269.05,274.8,269.05,270.9,292190
2022-04-06,280.0,282.95,276.75,281.8,634715
2022-04-07,281.8,288.0,281.8,285.3,243363
2022-04-08,285.3,287.45,279.0,281.95,192841
2022-04-11,281.2,286.55,280.2,281.2,158106
2022-04-12,281.2,282.45,274.3,277.7,106933
2022-04-13,277.7,282.95,277.7,281.15,78494
2022-04-18,286.0,286.0,281.05,285.15,162979
2022-04-19,285.5,287.7,275.1,281.0,114873
2022-04-20,283.0,283.0,277.4,279.4,87729
2022-04-21,281.4,285.0,279.25,283.55,86321
2022-04-22,283.7,286.55,281.6,282.65,70394
2022-04-25,281.5,281.6,275.0,276.3,52350
2022-04-26,278.6,278.9,275.55,277.35,32039
2022-04-27,277.35,277.35,271.0,272.75,63628
2022-04-28,274.7,275.05,271.0,271.35,39026
2022-04-29,272.0,274.6,266.95,269.0,47550
2022-05-02,270.0,283.0,265.0,269.55,42111
2022-05-04,271.7,272.75,262.25,263.65,35724
2022-05-05,265.0,275.95,263.7,273.85,112790
2022-05-06,264.2,270.6,257.55,267.25,174493
2022-05-09,265.95,270.0,253.0,255.25,218637
2022-05-10,255.0,256.05,248.0,251.85,269764
2022-05-11,251.0,252.7,244.1,247.5,132071
2022-05-12,245.0,248.3,243.0,244.95,105397
2022-05-13,246.2,249.55,243.65,245.25,50458
2022-05-16,248.0,251.25,244.75,247.4,47112
2022-05-17,247.4,251.0,246.15,250.1,50903
2022-05-18,251.0,257.45,249.0,250.5,85787
2022-05-19,245.05,248.8,245.05,247.1,38500
2022-05-20,248.45,253.35,246.25,249.35,62693
2022-05-23,249.35,252.0,246.0,247.15,45519
2022-05-24,248.0,249.7,245.0,245.7,32987
2022-05-25,246.95,247.0,244.95,245.35,36829
2022-05-26,239.0,246.95,229.85,242.15,250326
2022-05-27,243.95,247.75,242.25,245.65,40369
2022-05-30,246.0,246.9,244.25,245.05,53859
2022-05-31,242.15,247.3,242.15,246.05,46673
2022-06-01,247.5,248.45,244.0,245.1,30392
2022-06-02,245.0,249.95,244.65,248.0,37889
2022-06-03,248.0,249.15,240.7,243.85,74358
2022-06-06,244.9,246.8,240.85,244.25,21946
2022-06-07,243.95,244.8,242.9,244.1,57388
2022-06-08,244.95,245.65,240.75,242.6,43386
2022-06-09,242.8,243.25,240.05,241.15,20869
2022-06-10,240.0,244.5,239.85,240.4,38450
2022-06-13,240.0,241.45,232.85,235.15,162047
2022-06-14,235.0,236.6,234.6,235.2,46251
2022-06-15,235.45,238.0,235.0,236.75,29244
2022-06-16,236.05,237.85,233.9,235.15,57330
2022-06-17,235.0,242.8,225.0,240.1,61939
2022-06-20,240.1,240.45,234.6,235.75,54905
2022-06-21,236.0,238.85,235.05,237.0,21920
2022-06-22,238.2,238.2,229.4,232.9,123760
2022-06-23,234.1,235.85,229.8,230.95,31011
2022-06-24,231.6,233.9,230.2,232.0,55457
2022-06-27,233.5,236.65,233.2,235.05,208007
2022-06-28,234.55,246.45,234.5,245.05,135373
2022-06-29,247.95,248.0,234.8,235.75,80877
2022-06-30,233.05,239.95,233.05,238.65,37393
2022-07-01,239.8,255.0,233.45,245.6,40209
2022-07-04,244.05,250.0,241.3,247.95,51973
2022-07-05,246.35,249.2,244.6,245.35,33312
2022-07-06,245.0,250.0,242.2,248.25,24802
2022-07-07,249.95,249.95,245.5,246.35,16756
2022-07-08,247.6,249.6,244.25,248.55,19257
2022-07-11,249.8,250.0,245.55,248.15,31257
2022-07-12,246.1,248.6,245.0,245.85,21642
2022-07-13,247.0,265.0,245.05,261.45,357529
2022-07-14,262.5,267.0,257.5,264.5,150893
2022-07-15,264.0,268.55,260.55,263.95,161779
2022-07-18,261.5,264.7,256.5,257.4,50003
2022-07-19,255.55,257.95,252.05,253.0,77923
2022-07-20,256.8,261.0,252.6,255.9,112976
2022-07-21,254.1,257.9,254.1,256.2,68983
2022-07-22,255.9,257.25,252.95,254.45,36064
2022-07-25,254.05,254.85,251.6,252.4,25253
2022-07-26,252.0,255.0,250.45,253.2,31062
2022-07-27,250.9,254.9,250.05,252.3,43183
2022-07-28,252.0,253.6,249.0,251.4,68629
2022-07-29,253.0,254.9,251.05,253.5,51936
2022-08-01,255.0,263.95,251.55,258.5,181530
2022-08-02,258.5,259.2,254.0,255.25,58451
2022-08-03,256.25,256.25,251.65,254.85,37103
2022-08-04,256.35,259.9,253.8,257.6,91362
2022-08-05,259.0,275.1,259.0,272.55,813128
2022-08-08,275.0,279.65,272.65,277.3,321024
2022-08-10,277.3,277.5,268.2,270.0,201417
2022-08-11,270.9,272.65,264.5,265.3,82972
2022-08-12,267.95,267.95,262.8,264.85,72359
2022-08-16,266.9,268.4,263.0,266.0,107533
2022-08-17,268.9,268.9,263.5,265.25,81885
2022-08-18,265.3,265.3,261.85,263.1,144684
2022-08-19,264.35,264.35,260.25,261.45,135127
2022-08-22,260.0,260.9,256.4,260.05,87813
2022-08-23,260.05,266.85,257.85,260.4,108021
2022-08-24,261.4,261.4,257.1,260.1,116884
2022-08-25,261.8,264.25,259.15,261.5,120997
2022-08-26,262.85,265.75,262.75,263.55,76896
2022-08-29,259.0,262.5,258.05,261.95,59270
2022-08-30,263.25,266.8,261.05,264.0,69520
2022-09-01,262.0,268.15,261.1,266.1,67378
2022-09-02,268.0,279.0,267.35,273.6,546770
2022-09-05,278.9,283.1,257.2,280.25,419058
2022-09-06,282.9,285.0,279.45,280.7,306958
2022-09-07,279.75,282.0,276.1,280.05,260465
2022-09-08,281.5,282.95,277.0,280.2,119150
2022-09-09,283.0,283.0,274.45,275.55,82108
2022-09-12,278.9,282.05,275.0,277.3,95774
2022-09-13,276.3,281.95,276.3,279.8,102540
2022-09-14,278.7,287.6,277.85,282.4,257163
2022-09-15,285.15,285.15,278.65,280.35,81674
2022-09-16,280.35,284.65,271.2,276.95,177501
2022-09-19,276.1,276.95,269.25,273.8,66400
2022-09-20,275.2,278.0,271.8,273.45,56716
2022-09-21,274.5,283.75,274.5,278.25,164192
2022-09-22,278.25,285.0,272.3,277.85,101765
2022-09-23,278.65,278.65,273.3,275.55,63938
2022-09-26,275.0,275.05,262.85,270.55,147673
2022-09-27,271.0,271.95,263.6,265.15,70690
2022-09-28,266.5,266.5,259.0,260.0,113710
2022-09-29,261.55,263.75,254.45,262.35,102863
2022-09-30,263.7,267.9,260.0,263.9,70243
2022-10-03,265.25,281.9,262.6,275.8,512992
2022-10-04,279.0,286.0,270.75,282.05,193361
2022-10-06,283.5,289.8,278.65,282.0,282041
2022-10-07,287.0,287.0,276.3,283.4,167268
2022-10-10,283.0,283.0,275.65,277.35,101241
2022-10-11,278.0,278.0,272.75,273.35,72178
2022-10-12,274.75,275.4,267.0,274.05,88665
2022-10-13,275.45,285.85,268.65,279.75,532733
2022-10-14,281.7,287.0,277.0,285.0,368899
2022-10-17,286.35,304.9,279.05,299.85,1412845
2022-10-18,303.5,305.6,293.7,297.2,557003
2022-10-19,298.45,298.85,290.1,291.4,183312
2022-10-20,290.85,302.0,289.5,299.2,412574
2022-10-21,300.7,301.0,291.1,292.25,130899
2022-10-24,295.0,305.0,294.6,300.5,198804
2022-10-25,302.05,302.05,295.2,298.25,167858
2022-10-27,297.0,309.0,297.0,301.75,549292
2022-10-28,303.3,312.0,298.25,308.3,408633
2022-10-31,318.0,318.0,310.2,312.1,810387
2022-11-01,315.05,317.4,306.0,307.1,395163
2022-11-02,306.8,311.8,304.4,308.2,301103
2022-11-03,309.75,310.9,306.9,309.9,193030
2022-11-04,311.45,311.45,303.2,304.95,116037
2022-11-07,305.0,309.65,304.5,307.9,108392
2022-11-09,313.5,313.5,294.8,296.4,216565
2022-11-10,296.5,305.95,292.9,300.4,301158
2022-11-11,301.95,316.3,300.8,314.45,466697
2022-11-14,316.05,316.05,282.6,299.0,341520
2022-11-15,280.0,291.4,278.3,285.1,854443
2022-11-16,287.95,290.7,283.3,284.75,266262
2022-11-17,286.2,289.0,281.2,285.0,343900
2022-11-18,286.0,293.75,283.25,285.85,153283
2022-11-21,285.0,286.85,279.8,282.0,179295
2022-11-22,283.45,283.45,279.5,280.05,152397
2022-11-23,281.5,282.3,276.55,280.4,120501
2022-11-24,280.4,283.0,278.2,280.85,94293
2022-11-25,282.25,294.75,280.9,292.7,310536
2022-11-28,291.7,291.7,287.0,289.35,136089
2022-11-29,288.3,291.5,286.0,286.9,71872
2022-11-30,287.35,289.15,284.4,285.05,48390
2022-12-01,286.5,289.8,284.05,286.9,142501
2022-12-02,286.9,288.0,280.0,283.55,207942
2022-12-05,283.0,289.9,282.6,285.4,89090
2022-12-06,284.4,288.9,283.8,285.95,56964
2022-12-07,285.95,287.4,284.0,285.1,56810
2022-12-08,284.15,289.0,284.15,288.1,63392
2022-12-09,289.6,290.4,282.35,283.9,223396
2022-12-12,285.0,288.0,283.25,284.85,101233
2022-12-13,285.45,286.5,280.1,281.85,49897
2022-12-14,282.1,285.0,279.0,281.2,58893
2022-12-15,281.2,283.55,278.2,279.95,114934
2022-12-16,280.0,284.9,278.3,281.0,79465
2022-12-19,281.0,286.05,280.15,281.6,55421
2022-12-20,281.6,285.5,280.15,283.1,70294
2022-12-21,284.1,285.0,276.7,280.7,50511
2022-12-22,282.9,282.9,273.55,276.75,66028
2022-12-23,276.2,282.0,265.0,266.5,119231
2022-12-26,267.9,273.8,265.5,272.15,80884
2022-12-27,272.8,273.6,269.4,272.15,57412
2022-12-28,272.95,273.3,269.35,271.4,68809
2022-12-29,271.45,273.25,268.6,272.05,70714
2022-12-30,271.25,274.55,269.0,270.85,41724
2023-01-02,270.05,276.7,269.2,275.1,85951
2023-01-03,275.1,276.0,270.6,274.05,53832
2023-01-04,275.4,278.6,270.75,271.8,47245
2023-01-05,273.2,278.0,271.6,276.3,46245
2023-01-06,276.3,277.15,263.7,272.55,85637
2023-01-09,273.85,275.45,269.65,272.1,87824
2023-01-10,272.1,277.0,270.0,276.15,30275
2023-01-11,276.3,281.0,272.65,275.2,92208
2023-01-12,275.45,275.45,267.65,269.5,50363
2023-01-13,270.7,273.7,268.1,269.7,67702
2023-01-16,270.0,270.95,266.55,267.95,32297
2023-01-17,267.95,268.3,263.2,265.15,82724
2023-01-18,265.0,266.95,260.1,264.05,157191
2023-01-19,262.6,265.25,260.25,261.1,54393
2023-01-20,262.5,262.6,258.25,260.0,48274
2023-01-23,261.7,262.0,258.25,260.1,66641
2023-01-24,258.05,261.0,252.0,254.85,78937
2023-01-25,255.0,257.45,251.75,255.15,80092
2023-01-27,255.15,264.45,251.0,254.9,185470
2023-01-30,254.95,258.35,253.0,255.9,44758
2023-01-31,256.85,272.2,254.35,265.55,150580
2023-02-01,267.5,271.45,249.15,257.55,256220
2023-02-02,259.35,267.0,252.65,254.7,83977
2023-02-03,256.0,257.95,250.1,255.85,87793
2023-02-06,257.9,262.0,253.95,260.45,61961
2023-02-07,260.1,261.4,255.35,260.2,63101
2023-02-08,260.45,264.9,257.3,262.95,54934
2023-02-09,264.0,269.0,261.55,264.4,189798
2023-02-10,264.4,266.0,258.85,264.7,125327
2023-02-13,265.6,270.9,263.3,267.15,169734
2023-02-14,268.9,268.9,262.0,266.3,105309
2023-02-15,264.85,267.6,261.95,266.7,43971
2023-02-16,266.7,269.6,264.35,268.5,56828
2023-02-17,268.5,270.9,265.55,267.05,31228
2023-02-20,267.8,278.4,262.0,274.9,215184
2023-02-21,276.3,276.3,270.05,273.2,52786
2023-02-22,271.2,272.0,268.05,269.9,49962
2023-02-23,269.85,272.9,267.4,270.8,46709
2023-02-24,270.8,271.75,267.35,269.25,104682
2023-02-27,266.8,269.25,265.0,268.45,35130
2023-02-28,268.6,269.2,260.6,262.75,55134
2023-03-01,262.75,263.5,258.55,261.85,48506
2023-03-02,261.05,263.0,256.55,257.45,43572
2023-03-03,257.15,262.35,256.0,260.3,40959
2023-03-06,260.3,262.7,256.05,260.65,54915
2023-03-08,261.6,268.2,258.65,265.05,65168
2023-03-09,265.0,265.95,259.55,260.7,31837
2023-03-10,258.3,260.0,255.0,256.6,69788
2023-03-13,256.0,257.55,249.55,251.2,63805
2023-03-14,250.05,255.95,247.65,249.95,95595
2023-03-15,251.05,253.2,247.15,249.85,55338
2023-03-16,249.9,252.55,247.3,249.9,47411
2023-03-17,251.15,253.15,249.45,249.65,24930
2023-03-20,250.85,251.15,245.25,250.05,80061
2023-03-21,251.4,254.55,247.8,249.4,33968
2023-03-22,249.0,255.95,249.0,255.05,69409
2023-03-23,255.2,259.9,253.4,256.2,49427
2023-03-24,253.9,259.45,252.5,254.8,61312
2023-03-27,252.55,266.0,250.05,254.8,226504
2023-03-28,252.5,256.0,249.15,250.3,89449
2023-03-29,249.25,258.5,249.25,256.05,73031
2023-03-31,257.35,261.0,254.95,256.3,67849
2023-04-03,257.6,262.95,257.0,261.3,35509
2023-04-05,260.0,270.9,259.8,266.15,81633
2023-04-06,268.85,269.95,263.1,265.15,39800
2023-04-10,263.25,266.0,261.5,263.7,41884
2023-04-11,264.0,268.9,263.2,265.6,58213
2023-04-12,266.0,271.3,264.7,268.45,88788
2023-04-13,268.45,268.95,264.45,267.35,31820
2023-04-17,266.0,267.25,262.0,263.75,30599
2023-04-18,263.7,266.6,262.0,263.0,43695
2023-04-19,263.0,268.0,262.05,266.8,54451
2023-04-20,267.8,274.05,265.3,271.05,123497
2023-04-21,272.95,296.95,272.0,290.0,3060741
2023-04-24,287.2,302.8,278.5,297.75,1073833
2023-04-25,293.25,296.8,290.5,295.15,218542
2023-04-26,295.0,297.95,291.8,292.9,192838
2023-04-27,294.4,297.5,284.5,287.35,114158
2023-04-28,288.8,296.25,288.35,295.0,263805
2023-05-02,291.25,300.0,291.0,295.35,120704
2023-05-03,295.35,302.8,293.75,299.0,157075
2023-05-04,298.45,301.05,291.8,295.1,89607
2023-05-05,294.4,299.7,294.4,298.25,85345
2023-05-08,299.5,315.0,298.45,302.6,889510
2023-05-09,302.55,303.85,295.35,301.25,174252
2023-05-10,299.65,306.55,299.65,304.85,134766
2023-05-11,304.8,307.5,298.2,300.45,78016
2023-05-12,300.4,301.6,292.0,298.7,156736
2023-05-15,299.8,308.0,296.0,297.8,163291
2023-05-16,298.0,299.0,291.85,294.45,110706
2023-05-17,294.45,299.0,290.2,291.9,68481
2023-05-18,292.7,295.5,282.05,289.7,196630
2023-05-19,289.9,292.05,285.2,287.45,115758
2023-05-22,286.8,292.25,284.75,289.8,129495
2023-05-23,288.0,292.05,287.85,290.05,125505
2023-05-24,289.4,295.0,288.05,291.1,190995
2023-05-25,291.05,291.55,283.0,289.95,64297
2023-05-26,294.0,299.85,288.0,289.5,504162
2023-05-29,290.95,296.85,288.25,295.0,276543
2023-05-30,296.0,301.0,292.85,299.95,383517
2023-05-31,300.95,303.9,293.5,298.05,129265
2023-06-01,298.05,299.9,293.6,296.15,169262
2023-06-02,299.05,299.05,293.0,297.05,150689
2023-06-05,298.0,299.35,293.95,297.05,179583
2023-06-06,295.0,298.55,291.25,295.0,140968
2023-06-07,295.0,297.6,293.0,296.0,170641
2023-06-08,296.0,301.1,294.3,297.9,228683
2023-06-09,297.95,298.65,295.6,297.95,204624
2023-06-12,301.0,323.0,295.55,300.95,4637817
2023-06-13,302.0,306.85,301.65,304.15,648873
2023-06-14,304.95,309.7,301.95,309.0,577618
2023-06-15,314.0,314.85,304.5,308.25,1068203
2023-06-16,309.75,311.3,305.95,309.0,272170
2023-06-19,309.85,310.9,307.8,308.95,188905
2023-06-20,308.95,310.55,304.85,309.65,145394
2023-06-21,311.5,317.8,309.0,313.65,662998
2023-06-22,316.0,317.0,310.6,313.2,252623
2023-06-23,313.2,315.8,309.2,314.55,468360
2023-06-26,315.15,327.95,312.0,323.7,1481215
2023-06-27,324.0,326.9,319.0,320.1,344619
2023-06-28,321.8,322.65,312.25,312.95,393655
2023-06-30,315.45,316.75,309.0,310.25,244883
2023-07-03,310.25,312.85,306.55,310.15,330825
2023-07-04,311.0,334.9,311.0,332.85,2996146
2023-07-05,337.65,340.0,330.05,337.8,1459157
2023-07-06,338.9,344.0,332.6,334.65,387362
2023-07-07,332.8,341.95,331.0,338.8,344252
2023-07-10,339.4,339.4,327.0,333.25,195167
2023-07-11,335.95,335.95,327.2,329.0,121198
2023-07-12,330.5,330.6,321.65,323.55,188780
2023-07-13,324.8,333.7,321.05,324.3,238202
2023-07-14,326.0,334.95,324.75,330.05,244868
2023-07-17,331.8,337.0,330.0,332.95,213382
2023-07-18,333.75,333.75,325.0,329.35,132087
2023-07-19,329.35,334.05,326.05,327.0,63466
2023-07-20,328.65,330.65,325.0,328.25,102595
2023-07-21,328.25,336.55,326.2,335.25,261039
2023-07-24,338.05,343.95,333.5,341.55,351342
2023-07-25,341.6,342.85,335.75,337.5,121031
2023-07-26,337.5,342.2,334.55,340.2,120546
2023-07-27,341.5,344.9,336.3,338.1,306659
2023-07-28,338.1,346.95,338.1,344.9,262096
2023-07-31,347.0,350.15,338.1,343.25,366141
2023-08-01,345.1,350.0,343.4,347.3,162900
2023-08-02,347.0,349.0,336.25,343.0,191698
2023-08-03,345.0,378.4,342.1,372.95,6350711
2023-08-04,374.0,384.75,366.55,377.4,1358646
2023-08-07,377.5,384.0,373.85,381.35,411209
2023-08-08,383.0,391.95,380.55,390.15,785497
2023-08-09,392.0,394.0,380.55,389.1,491195
2023-08-10,420.0,428.95,404.05,409.1,5185335
2023-08-11,415.0,415.0,403.2,407.0,571798
2023-08-14,409.15,409.15,395.2,399.4,265099
2023-08-16,399.4,405.95,397.4,399.05,330657
2023-08-17,400.0,402.65,388.0,389.9,560531
2023-08-18,392.0,395.8,388.0,389.6,301476
2023-08-21,392.5,397.3,388.25,389.55,296920
2023-08-22,393.1,395.95,387.05,388.8,327712
2023-08-23,390.5,396.5,388.55,390.25,708393
2023-08-24,392.3,394.8,384.05,385.35,553327
2023-08-25,375.0,387.7,373.65,382.3,324294
2023-08-28,383.0,384.25,377.05,380.35,114678
2023-08-29,381.9,381.9,374.15,377.5,202998
2023-08-30,380.8,392.8,380.0,386.4,334676
2023-08-31,388.3,390.9,375.55,380.55,132464
2023-09-01,378.0,383.7,375.0,380.4,91803
2023-09-04,381.0,383.8,376.15,378.6,95968
2023-09-05,380.4,382.65,376.15,381.05,80581
2023-09-06,381.45,390.0,378.9,385.4,161780
2023-09-07,387.35,406.1,384.55,401.45,1240287
2023-09-08,406.6,408.25,393.0,397.75,312755
2023-09-11,399.75,402.65,389.6,391.95,134507
2023-09-12,394.4,395.2,372.0,376.6,244702
2023-09-13,368.0,378.45,365.1,375.6,334898
2023-09-14,370.05,377.45,369.15,371.1,291918
2023-09-15,374.0,375.45,365.5,372.85,225066
2023-09-18,374.5,374.8,367.55,368.2,251340
2023-09-20,367.0,367.75,361.05,362.5,238589
2023-09-21,363.15,372.0,361.05,369.5,318790
2023-09-22,369.5,371.0,362.2,368.0,158582
2023-09-25,368.0,376.7,367.65,369.85,123887
2023-09-26,370.05,377.0,367.35,374.7,161243
2023-09-27,371.7,385.25,371.7,383.45,297950
2023-09-28,385.5,391.5,381.1,388.45,303342
2023-09-29,390.45,393.0,381.9,383.65,130935
2023-10-03,382.1,387.45,376.0,386.4,120172
2023-10-04,387.0,388.0,375.5,381.25,143936
2023-10-05,382.0,391.25,381.5,383.4,129793
2023-10-06,383.55,387.5,378.2,381.3,82708
2023-10-09,378.05,380.5,370.0,372.2,172501
2023-10-10,372.05,379.8,372.05,377.3,76477
2023-10-11,378.0,383.75,374.2,375.05,102813
2023-10-12,375.05,379.0,371.15,373.1,76563
2023-10-13,373.0,396.75,370.1,385.35,514693
2023-10-16,385.35,392.0,381.45,389.55,214814
2023-10-17,391.6,392.05,383.05,384.6,176171
2023-10-18,386.15,387.2,379.0,383.75,106807
2023-10-19,384.75,387.65,373.1,375.95,197557
2023-10-20,376.9,380.95,367.7,371.7,82542
2023-10-23,372.45,372.45,350.2,354.55,123374
2023-10-25,355.05,358.05,343.3,355.55,163259
2023-10-26,352.3,361.0,345.45,352.7,108005
2023-10-27,356.1,368.5,355.4,364.05,122958
2023-10-30,366.0,367.7,359.3,365.0,47680
2023-10-31,365.05,366.85,360.2,362.3,35450
2023-11-01,363.5,368.95,360.35,364.7,73597
2023-11-02,362.5,367.2,361.6,363.2,54497
2023-11-03,365.05,369.7,360.85,362.35,88326
2023-11-06,364.2,365.95,358.5,360.5,53067
2023-11-07,360.5,364.95,357.3,360.45,81428
2023-11-08,361.55,369.0,360.45,365.9,146288
2023-11-09,363.9,388.75,361.55,386.05,1127963
2023-11-10,385.9,391.2,375.6,385.95,486973
2023-11-12,385.0,391.4,381.2,387.2,64866
2023-11-13,385.5,389.9,381.35,386.15,250939
2023-11-15,387.15,388.2,381.0,384.25,102898
2023-11-16,385.0,401.95,382.5,392.2,1015242
2023-11-17,393.7,396.8,382.0,386.7,196946
2023-11-20,386.75,401.0,383.3,389.05,414811
2023-11-21,390.5,397.0,387.25,390.1,148458
2023-11-22,390.1,412.95,390.1,410.35,1980126
2023-11-23,412.5,415.8,405.0,407.15,581640
2023-11-24,409.35,414.15,403.5,405.75,197299
2023-11-28,407.75,409.0,392.15,395.55,292394
2023-11-29,397.6,398.5,391.0,393.15,141685
2023-11-30,394.65,399.0,391.15,393.65,183316
2023-12-01,394.9,402.45,394.9,397.15,157932
2023-12-04,400.05,405.35,396.1,400.25,213842
2023-12-05,399.9,406.0,399.75,403.65,236267
2023-12-06,405.0,413.2,401.3,409.75,248065
2023-12-07,413.65,424.0,406.4,411.3,492580
2023-12-08,412.0,415.3,398.6,403.6,188286
2023-12-11,405.5,405.5,395.35,396.75,125663
2023-12-12,399.5,406.1,396.55,402.2,218699
2023-12-13,402.95,414.7,399.0,411.35,180348
2023-12-14,415.2,419.05,405.3,409.55,151519
2023-12-15,411.7,412.9,400.2,401.5,143643
2023-12-18,403.55,406.85,391.95,394.1,345153
2023-12-19,391.05,397.9,390.5,392.0,223800
2023-12-20,394.0,397.45,378.2,382.7,228247
2023-12-21,382.7,389.45,378.8,387.2,124374
2023-12-22,387.2,394.55,387.0,391.95,116227
2023-12-26,395.65,400.0,392.35,398.2,96546
2023-12-27,398.3,398.6,392.2,395.55,80551
2023-12-28,395.9,398.7,392.15,393.05,85212
2023-12-29,394.4,397.45,391.05,396.45,113390
2024-01-01,399.7,405.1,393.0,394.2,150106
2024-01-02,397.4,400.3,392.0,398.6,183845
2024-01-03,400.0,432.8,400.0,411.7,4256883
2024-01-04,413.95,423.0,411.7,415.0,843420
2024-01-05,419.0,421.9,411.3,414.8,373344
2024-01-08,417.65,418.9,407.0,408.65,178814
2024-01-09,410.25,414.85,408.0,408.7,174245
2024-01-10,410.35,413.2,402.0,403.95,188555
2024-01-11,405.85,412.95,402.6,411.0,160895
2024-01-12,414.9,427.5,406.9,424.7,640937
2024-01-15,424.7,429.9,418.0,419.95,365774
2024-01-16,420.95,425.55,407.95,415.3,181786
2024-01-17,408.0,424.0,407.45,418.3,316052
2024-01-18,418.9,445.75,406.05,438.15,2502757
2024-01-19,441.8,456.0,437.6,442.1,1516370
2024-01-20,443.5,444.0,435.25,437.65,164000
2024-01-23,439.65,448.0,402.0,418.1,668141
2024-01-24,417.0,432.0,415.0,424.0,237181
2024-01-25,423.0,425.75,413.1,417.25,144895
2024-01-29,419.8,422.65,410.3,413.9,177399
2024-01-30,412.0,419.15,409.0,415.35,188029
2024-01-31,417.45,444.9,415.6,417.45,785778
2024-02-01,417.6,428.2,413.55,415.15,273419
2024-02-02,417.25,427.25,416.45,423.2,360589
2024-02-05,425.35,436.3,425.0,426.3,365189
2024-02-06,429.0,443.2,428.3,432.9,444529
2024-02-07,435.9,471.95,424.0,464.95,2622570
2024-02-08,468.0,469.45,447.0,449.5,855299
2024-02-09,450.0,456.5,435.45,446.8,359444
2024-02-12,449.0,449.8,430.0,431.9,171309
2024-02-13,431.05,448.0,425.05,446.8,279787
2024-02-14,442.65,448.2,437.0,445.95,105956
2024-02-15,446.05,459.0,446.0,453.9,150008
2024-02-16,454.85,459.0,428.9,435.7,272895
2024-02-19,432.45,444.8,431.95,440.9,207484
2024-02-20,439.9,454.85,436.55,449.95,211459
2024-02-21,451.95,463.7,447.65,454.05,396221
2024-02-22,455.0,458.0,447.1,455.55,144101
2024-02-23,457.7,479.0,448.45,472.45,908779
2024-02-26,478.45,487.7,475.55,482.6,519293
2024-02-27,482.45,485.0,452.5,456.25,577064
2024-02-28,456.25,459.15,442.1,445.35,259170
2024-02-29,444.0,447.6,434.0,436.7,433590
2024-03-01,438.3,446.0,435.45,443.85,180528
2024-03-02,446.0,454.75,444.95,446.25,27112
2024-03-04,448.45,466.2,448.4,459.6,565062
2024-03-05,460.0,463.35,454.5,459.55,197233
2024-03-06,459.0,459.0,442.3,450.45,164360
2024-03-07,451.1,457.0,446.45,449.4,115918
2024-03-11,451.9,452.8,427.1,434.25,103467
2024-03-12,433.75,438.1,429.25,430.4,123078
2024-03-13,431.0,432.85,420.8,423.75,189785
2024-03-14,420.4,440.3,419.65,437.45,192359
2024-03-15,436.0,436.1,426.95,428.05,81429
2024-03-18,428.0,439.35,428.0,431.2,125236
2024-03-19,430.0,437.0,424.0,427.0,119514
2024-03-20,427.0,439.1,419.95,437.05,100570
2024-03-21,439.25,439.25,425.1,436.2,97815
2024-03-22,434.9,435.05,425.25,429.75,66310
2024-03-26,431.0,433.25,419.9,420.7,154395
2024-03-27,421.0,427.65,420.0,423.9,80175
2024-03-28,426.0,432.5,423.35,424.9,114410
2024-04-01,428.7,435.0,427.25,433.8,97562
2024-04-02,433.8,443.55,430.95,440.75,144392
2024-04-03,440.45,444.45,437.15,442.8,111555
2024-04-04,444.95,446.55,438.05,445.2,112967
2024-04-05,444.95,453.25,444.95,452.15,188407
2024-04-08,456.0,456.0,447.0,450.05,79586
2024-04-09,452.9,458.75,450.8,454.55,111635
2024-04-10,454.9,456.85,445.15,451.3,74220
2024-04-12,450.0,454.7,448.6,450.6,60670
2024-04-15,455.0,459.7,441.7,450.2,215814
2024-04-16,454.0,457.7,441.65,453.8,107031
2024-04-18,455.0,460.0,451.25,452.0,77532
2024-04-19,451.95,453.95,444.1,448.7,111010
2024-04-22,450.0,455.0,447.25,450.55,44580
2024-04-23,450.0,452.65,442.05,443.85,81728
2024-04-24,444.45,457.95,443.95,452.65,80501
2024-04-25,453.75,460.0,449.15,456.95,60837
2024-04-26,460.0,460.0,453.05,456.7,46681
2024-04-29,456.7,468.7,456.7,461.6,206001
2024-04-30,464.35,464.35,451.1,453.45,91740
2024-05-02,454.9,455.7,445.05,446.8,60549
2024-05-03,448.55,454.3,446.7,448.65,78849
2024-05-06,449.0,451.5,439.15,448.6,102375
2024-05-07,448.65,450.5,437.7,447.1,83739
2024-05-08,447.9,456.0,442.6,451.7,97315
2024-05-09,451.7,452.9,440.2,445.35,53443
2024-05-10,440.1,446.45,438.1,439.9,46721
2024-05-13,440.0,442.1,427.5,437.1,81174
2024-05-14,437.15,460.95,437.15,457.35,122765
2024-05-15,457.0,461.0,450.0,455.0,60717
2024-05-16,455.0,477.85,451.5,472.8,807604
2024-05-17,474.6,482.3,471.85,478.05,295899
2024-05-18,483.4,489.95,480.0,483.85,93674
2024-05-21,485.0,486.9,475.3,480.95,171393
2024-05-22,479.95,484.0,473.85,481.35,145248
2024-05-23,484.85,485.8,472.15,475.25,62741
2024-05-24,470.15,483.15,465.75,469.8,115183
2024-05-27,470.0,473.9,463.05,464.3,84430
2024-05-28,466.65,470.0,461.75,465.5,63667
2024-05-29,467.85,474.95,461.0,465.1,122106
2024-05-30,460.0,461.9,437.55,458.95,491134
2024-05-31,461.4,463.35,429.2,432.5,371657
2024-06-03,438.0,442.2,429.6,432.6,411393
2024-06-04,436.65,436.65,405.0,423.55,167926
2024-06-05,427.85,437.85,418.35,433.2,293118
2024-06-06,437.2,441.05,432.35,435.45,131580
2024-06-07,436.9,444.0,434.05,442.95,397160
2024-06-10,444.8,457.95,443.0,448.65,108584
2024-06-11,450.65,453.45,446.0,450.2,56690
2024-06-12,451.35,464.15,451.15,458.8,141451
2024-06-13,461.2,465.0,455.05,457.3,84066
2024-06-14,458.45,468.45,454.0,461.25,121438
2024-06-18,461.35,469.0,456.0,457.95,119061
2024-06-19,459.8,465.8,456.95,461.15,78461
2024-06-20,462.35,462.35,451.65,458.45,98525
2024-06-21,458.5,462.5,456.0,460.7,76383
2024-06-24,459.9,473.0,457.55,460.2,172012
2024-06-25,461.0,466.3,460.8,463.2,81617
2024-06-26,464.0,466.75,461.1,462.2,108850
2024-06-27,465.1,469.55,452.0,457.65,877787
2024-06-28,456.9,473.65,455.6,462.05,176996
2024-07-01,464.35,478.0,464.35,472.0,226298
2024-07-02,473.75,483.0,468.05,470.6,181504
2024-07-03,471.0,509.9,470.6,497.05,2897923
2024-07-04,498.95,509.7,493.0,507.3,662019
2024-07-05,509.9,521.65,507.35,515.3,567166
2024-07-08,520.0,520.1,501.7,506.95,238682
2024-07-09,506.95,507.0,493.85,500.0,267467
2024-07-10,499.0,504.9,484.0,497.9,190891
2024-07-11,497.9,506.1,495.0,500.1,133628
2024-07-12,500.1,504.55,485.55,491.3,129680
2024-07-15,493.6,504.0,484.95,498.65,172194
2024-07-16,498.7,498.7,491.0,494.7,73052
2024-07-18,493.0,501.7,488.0,492.55,121590
2024-07-19,490.65,497.3,476.0,485.65,171042
2024-07-22,480.0,493.6,471.55,488.15,98148
2024-07-23,489.0,508.0,473.0,497.85,238934
2024-07-24,497.85,509.95,493.6,506.0,173511
2024-07-25,501.25,511.9,499.75,506.0,125853
2024-07-26,508.55,517.0,497.05,502.1,157985
2024-07-29,515.0,547.2,508.4,529.2,1920681
2024-07-30,529.0,535.0,510.9,515.4,433164
2024-07-31,517.95,519.05,503.4,509.4,267293
2024-08-01,511.1,512.85,497.5,502.4,215567
2024-08-02,499.0,512.0,498.0,508.55,138502
2024-08-05,490.05,503.8,487.45,492.15,206345
2024-08-06,490.5,508.0,490.5,495.9,141492
2024-08-07,503.0,523.9,496.6,517.9,690870
2024-08-08,525.2,530.4,497.5,500.9,418177
2024-08-09,502.7,507.0,484.85,489.2,193851
2024-08-12,489.2,496.05,481.3,491.1,128573
2024-08-13,493.4,493.95,465.1,469.55,283129
2024-08-14,466.55,478.85,463.3,475.3,141530
2024-08-16,480.0,484.0,476.3,481.9,119039
2024-08-19,483.9,487.55,480.05,485.25,91345
2024-08-20,487.85,514.15,485.3,509.8,367644
2024-08-21,508.0,529.65,500.0,524.25,635108
2024-08-22,524.8,535.0,522.1,531.0,352463
2024-08-23,530.95,540.0,523.8,536.6,495807
2024-08-26,536.0,536.65,521.95,524.45,185282
2024-08-27,524.8,545.0,520.8,538.2,460409
2024-08-28,544.8,549.5,529.0,532.65,618180
2024-08-29,535.35,540.2,527.0,528.55,172142
2024-08-30,528.6,550.0,525.65,543.15,669318
2024-09-02,541.05,552.6,535.2,542.65,338222
2024-09-03,547.45,550.0,539.6,546.65,266306
2024-09-04,538.45,577.0,538.45,572.75,1390793
2024-09-05,572.0,577.5,558.5,560.65,445964
2024-09-06,558.9,574.4,558.15,571.1,334371
2024-09-09,573.0,589.85,553.5,562.75,700963
2024-09-10,564.55,603.8,562.0,580.2,1862012
2024-09-11,580.0,597.0,574.3,578.1,552180
2024-09-12,585.0,658.85,582.8,612.65,22562742
2024-09-13,608.0,625.0,592.55,597.25,2630545
2024-09-16,602.2,604.15,576.15,579.5,769780
2024-09-17,581.8,582.5,560.1,562.15,547433
2024-09-18,563.15,589.7,554.85,582.4,1096582
2024-09-19,579.0,579.0,551.0,553.15,513616
2024-09-20,556.9,572.4,550.05,564.0,656932
2024-09-23,564.2,577.0,560.3,563.65,313917
2024-09-24,563.45,574.95,561.85,566.7,258130
2024-09-25,564.9,565.8,556.35,559.4,182024
2024-09-26,561.9,561.9,542.15,545.6,213205
2024-09-27,546.25,552.15,535.0,541.3,486595
2024-09-30,539.9,548.0,534.1,539.55,259177
2024-10-01,539.5,544.95,529.9,538.65,252446
2024-10-03,532.0,542.15,526.0,529.3,210690
2024-10-04,530.55,535.35,516.45,518.75,208554
2024-10-07,524.65,525.45,501.0,504.3,325466
2024-10-08,508.0,516.6,500.55,514.95,214989
2024-10-09,517.55,535.9,515.55,532.35,311609
2024-10-10,534.05,553.4,526.0,542.25,508057
2024-10-11,542.8,542.8,531.4,536.2,143214
2024-10-14,537.05,538.0,529.2,534.15,84511
2024-10-15,537.0,568.0,530.55,564.9,696271
2024-10-16,566.0,569.95,556.15,564.3,188777
2024-10-17,563.45,569.2,545.0,546.6,99135
2024-10-18,546.1,546.1,533.3,539.35,96273
2024-10-21,540.9,542.2,526.35,536.75,101765
2024-10-22,539.45,539.45,513.3,528.55,186422
2024-10-23,520.35,536.9,514.05,520.55,229469
2024-10-24,518.85,524.8,515.0,517.45,96551
2024-10-25,517.15,524.0,506.45,516.4,215110
2024-10-28,518.55,520.7,509.6,515.55,79191
2024-10-29,518.6,525.45,514.5,520.7,67991
2024-10-30,520.7,531.05,516.5,522.3,127277
2024-10-31,521.0,550.85,517.0,546.55,277671
2024-11-01,553.55,556.0,546.15,551.5,41434
2024-11-04,546.0,548.35,533.2,536.85,118967
2024-11-05,531.5,544.9,531.5,541.05,69010
2024-11-06,544.0,551.5,542.4,547.3,97942
2024-11-07,535.0,538.95,515.15,518.95,219541
2024-11-08,521.55,522.3,512.0,514.4,93225
2024-11-11,510.0,527.15,505.95,514.15,108799
2024-11-12,518.75,518.75,494.35,498.65,98076
2024-11-13,492.0,509.7,484.0,495.7,280612
2024-11-14,498.2,504.6,492.35,496.15,68966
2024-11-18,492.0,493.55,480.05,488.0,70492
2024-11-19,489.7,496.95,486.45,487.95,68450
2024-11-21,488.0,489.35,482.3,485.5,53230
2024-11-22,481.55,496.2,478.25,488.05,75957
2024-11-25,495.0,497.35,490.25,494.2,68451
2024-11-26,494.2,513.0,493.0,511.9,127243
2024-11-27,511.95,516.7,507.45,510.7,74889
2024-11-28,510.7,519.3,508.75,516.75,66189
2024-11-29,516.8,523.8,510.3,511.7,63641
2024-12-02,511.25,514.7,505.1,507.9,65263
2024-12-03,508.05,519.6,504.8,517.15,126359
2024-12-04,517.2,526.5,517.0,520.0,76375
2024-12-05,520.15,522.95,514.95,517.8,59125
2024-12-06,515.1,521.85,510.1,514.65,94097
2024-12-09,514.0,519.0,508.8,512.1,56880
2024-12-10,512.1,514.05,495.0,501.95,167077
2024-12-11,496.8,523.5,496.8,519.9,327433
2024-12-12,520.95,520.95,509.1,510.15,116690
2024-12-13,508.0,508.0,494.85,503.55,86434
2024-12-16,503.55,506.65,499.45,504.55,52706
